types,URI,entity,support,offset,similarityScore,percentageOfSecondRank,sentence,sentenceIndex,paragraphIndex,section
http://www.w3.org/2002/07/owl#Thing,http://dbpedia.org/resource/Annette_Bryn_Parri,Annette Bryn Parri,6,0,1.0,0.0,"Annette Bryn Parri is a Welsh pianist, best known as an accompanist to opera stars such as Bryn Terfel, Rebecca Evans and Jason Howard.",0,0,
http://dbpedia.org/ontology/Person,http://dbpedia.org/resource/Annette_Bryn_Parri,Annette Bryn Parri,6,0,1.0,0.0,"Annette Bryn Parri is a Welsh pianist, best known as an accompanist to opera stars such as Bryn Terfel, Rebecca Evans and Jason Howard.",0,0,
http://dbpedia.org/class/yago/WikicatAcademicsOfTheUniversityOfWales,http://dbpedia.org/resource/Annette_Bryn_Parri,Annette Bryn Parri,6,0,1.0,0.0,"Annette Bryn Parri is a Welsh pianist, best known as an accompanist to opera stars such as Bryn Terfel, Rebecca Evans and Jason Howard.",0,0,
http://dbpedia.org/class/yago/WikicatAlumniOfTheRoyalNorthernCollegeOfMusic,http://dbpedia.org/resource/Annette_Bryn_Parri,Annette Bryn Parri,6,0,1.0,0.0,"Annette Bryn Parri is a Welsh pianist, best known as an accompanist to opera stars such as Bryn Terfel, Rebecca Evans and Jason Howard.",0,0,
http://dbpedia.org/class/yago/WikicatWelshClassicalPianists,http://dbpedia.org/resource/Annette_Bryn_Parri,Annette Bryn Parri,6,0,1.0,0.0,"Annette Bryn Parri is a Welsh pianist, best known as an accompanist to opera stars such as Bryn Terfel, Rebecca Evans and Jason Howard.",0,0,
http://dbpedia.org/class/yago/YagoLegalActor,http://dbpedia.org/resource/Annette_Bryn_Parri,Annette Bryn Parri,6,0,1.0,0.0,"Annette Bryn Parri is a Welsh pianist, best known as an accompanist to opera stars such as Bryn Terfel, Rebecca Evans and Jason Howard.",0,0,
http://dbpedia.org/class/yago/YagoLegalActorGeo,http://dbpedia.org/resource/Annette_Bryn_Parri,Annette Bryn Parri,6,0,1.0,0.0,"Annette Bryn Parri is a Welsh pianist, best known as an accompanist to opera stars such as Bryn Terfel, Rebecca Evans and Jason Howard.",0,0,
http://dbpedia.org/class/yago/WikicatLivingPeople,http://dbpedia.org/resource/Annette_Bryn_Parri,Annette Bryn Parri,6,0,1.0,0.0,"Annette Bryn Parri is a Welsh pianist, best known as an accompanist to opera stars such as Bryn Terfel, Rebecca Evans and Jason Howard.",0,0,
http://dbpedia.org/class/yago/Academician109759069,http://dbpedia.org/resource/Annette_Bryn_Parri,Annette Bryn Parri,6,0,1.0,0.0,"Annette Bryn Parri is a Welsh pianist, best known as an accompanist to opera stars such as Bryn Terfel, Rebecca Evans and Jason Howard.",0,0,
http://dbpedia.org/class/yago/Adult109605289,http://dbpedia.org/resource/Annette_Bryn_Parri,Annette Bryn Parri,6,0,1.0,0.0,"Annette Bryn Parri is a Welsh pianist, best known as an accompanist to opera stars such as Bryn Terfel, Rebecca Evans and Jason Howard.",0,0,
http://dbpedia.org/class/yago/Alumnus109786338,http://dbpedia.org/resource/Annette_Bryn_Parri,Annette Bryn Parri,6,0,1.0,0.0,"Annette Bryn Parri is a Welsh pianist, best known as an accompanist to opera stars such as Bryn Terfel, Rebecca Evans and Jason Howard.",0,0,
http://dbpedia.org/class/yago/Artist109812338,http://dbpedia.org/resource/Annette_Bryn_Parri,Annette Bryn Parri,6,0,1.0,0.0,"Annette Bryn Parri is a Welsh pianist, best known as an accompanist to opera stars such as Bryn Terfel, Rebecca Evans and Jason Howard.",0,0,
http://dbpedia.org/class/yago/CausalAgent100007347,http://dbpedia.org/resource/Annette_Bryn_Parri,Annette Bryn Parri,6,0,1.0,0.0,"Annette Bryn Parri is a Welsh pianist, best known as an accompanist to opera stars such as Bryn Terfel, Rebecca Evans and Jason Howard.",0,0,
http://dbpedia.org/class/yago/Creator109614315,http://dbpedia.org/resource/Annette_Bryn_Parri,Annette Bryn Parri,6,0,1.0,0.0,"Annette Bryn Parri is a Welsh pianist, best known as an accompanist to opera stars such as Bryn Terfel, Rebecca Evans and Jason Howard.",0,0,
http://dbpedia.org/class/yago/Educator110045713,http://dbpedia.org/resource/Annette_Bryn_Parri,Annette Bryn Parri,6,0,1.0,0.0,"Annette Bryn Parri is a Welsh pianist, best known as an accompanist to opera stars such as Bryn Terfel, Rebecca Evans and Jason Howard.",0,0,
http://dbpedia.org/class/yago/Entertainer109616922,http://dbpedia.org/resource/Annette_Bryn_Parri,Annette Bryn Parri,6,0,1.0,0.0,"Annette Bryn Parri is a Welsh pianist, best known as an accompanist to opera stars such as Bryn Terfel, Rebecca Evans and Jason Howard.",0,0,
http://dbpedia.org/class/yago/Intellectual109621545,http://dbpedia.org/resource/Annette_Bryn_Parri,Annette Bryn Parri,6,0,1.0,0.0,"Annette Bryn Parri is a Welsh pianist, best known as an accompanist to opera stars such as Bryn Terfel, Rebecca Evans and Jason Howard.",0,0,
http://dbpedia.org/class/yago/LivingThing100004258,http://dbpedia.org/resource/Annette_Bryn_Parri,Annette Bryn Parri,6,0,1.0,0.0,"Annette Bryn Parri is a Welsh pianist, best known as an accompanist to opera stars such as Bryn Terfel, Rebecca Evans and Jason Howard.",0,0,
http://dbpedia.org/class/yago/Musician110339966,http://dbpedia.org/resource/Annette_Bryn_Parri,Annette Bryn Parri,6,0,1.0,0.0,"Annette Bryn Parri is a Welsh pianist, best known as an accompanist to opera stars such as Bryn Terfel, Rebecca Evans and Jason Howard.",0,0,
http://dbpedia.org/class/yago/Musician110340312,http://dbpedia.org/resource/Annette_Bryn_Parri,Annette Bryn Parri,6,0,1.0,0.0,"Annette Bryn Parri is a Welsh pianist, best known as an accompanist to opera stars such as Bryn Terfel, Rebecca Evans and Jason Howard.",0,0,
http://dbpedia.org/class/yago/Object100002684,http://dbpedia.org/resource/Annette_Bryn_Parri,Annette Bryn Parri,6,0,1.0,0.0,"Annette Bryn Parri is a Welsh pianist, best known as an accompanist to opera stars such as Bryn Terfel, Rebecca Evans and Jason Howard.",0,0,
http://dbpedia.org/class/yago/Organism100004475,http://dbpedia.org/resource/Annette_Bryn_Parri,Annette Bryn Parri,6,0,1.0,0.0,"Annette Bryn Parri is a Welsh pianist, best known as an accompanist to opera stars such as Bryn Terfel, Rebecca Evans and Jason Howard.",0,0,
http://dbpedia.org/class/yago/Performer110415638,http://dbpedia.org/resource/Annette_Bryn_Parri,Annette Bryn Parri,6,0,1.0,0.0,"Annette Bryn Parri is a Welsh pianist, best known as an accompanist to opera stars such as Bryn Terfel, Rebecca Evans and Jason Howard.",0,0,
http://dbpedia.org/class/yago/Person100007846,http://dbpedia.org/resource/Annette_Bryn_Parri,Annette Bryn Parri,6,0,1.0,0.0,"Annette Bryn Parri is a Welsh pianist, best known as an accompanist to opera stars such as Bryn Terfel, Rebecca Evans and Jason Howard.",0,0,
http://dbpedia.org/class/yago/PhysicalEntity100001930,http://dbpedia.org/resource/Annette_Bryn_Parri,Annette Bryn Parri,6,0,1.0,0.0,"Annette Bryn Parri is a Welsh pianist, best known as an accompanist to opera stars such as Bryn Terfel, Rebecca Evans and Jason Howard.",0,0,
http://dbpedia.org/class/yago/Pianist110430665,http://dbpedia.org/resource/Annette_Bryn_Parri,Annette Bryn Parri,6,0,1.0,0.0,"Annette Bryn Parri is a Welsh pianist, best known as an accompanist to opera stars such as Bryn Terfel, Rebecca Evans and Jason Howard.",0,0,
http://dbpedia.org/class/yago/Professional110480253,http://dbpedia.org/resource/Annette_Bryn_Parri,Annette Bryn Parri,6,0,1.0,0.0,"Annette Bryn Parri is a Welsh pianist, best known as an accompanist to opera stars such as Bryn Terfel, Rebecca Evans and Jason Howard.",0,0,
http://dbpedia.org/class/yago/Scholar110557854,http://dbpedia.org/resource/Annette_Bryn_Parri,Annette Bryn Parri,6,0,1.0,0.0,"Annette Bryn Parri is a Welsh pianist, best known as an accompanist to opera stars such as Bryn Terfel, Rebecca Evans and Jason Howard.",0,0,
http://dbpedia.org/class/yago/Whole100003553,http://dbpedia.org/resource/Annette_Bryn_Parri,Annette Bryn Parri,6,0,1.0,0.0,"Annette Bryn Parri is a Welsh pianist, best known as an accompanist to opera stars such as Bryn Terfel, Rebecca Evans and Jason Howard.",0,0,
http://dbpedia.org/class/yago/WikicatPeopleFromGwynedd,http://dbpedia.org/resource/Annette_Bryn_Parri,Annette Bryn Parri,6,0,1.0,0.0,"Annette Bryn Parri is a Welsh pianist, best known as an accompanist to opera stars such as Bryn Terfel, Rebecca Evans and Jason Howard.",0,0,
http://www.w3.org/2002/07/owl#Thing,http://dbpedia.org/resource/Pianist,pianist,5869,30,0.9964729922122708,0.0035392664885226,"Annette Bryn Parri is a Welsh pianist, best known as an accompanist to opera stars such as Bryn Terfel, Rebecca Evans and Jason Howard.",0,0,
http://dbpedia.org/ontology/MusicalArtist,http://dbpedia.org/resource/Pianist,pianist,5869,30,0.9964729922122708,0.0035392664885226,"Annette Bryn Parri is a Welsh pianist, best known as an accompanist to opera stars such as Bryn Terfel, Rebecca Evans and Jason Howard.",0,0,
http://dbpedia.org/ontology/PersonFunction,http://dbpedia.org/resource/Pianist,pianist,5869,30,0.9964729922122708,0.0035392664885226,"Annette Bryn Parri is a Welsh pianist, best known as an accompanist to opera stars such as Bryn Terfel, Rebecca Evans and Jason Howard.",0,0,
http://www.w3.org/2002/07/owl#Thing,http://dbpedia.org/resource/Accompaniment,accompanist,926,56,0.9999999953820692,0.0,"Annette Bryn Parri is a Welsh pianist, best known as an accompanist to opera stars such as Bryn Terfel, Rebecca Evans and Jason Howard.",0,0,
http://dbpedia.org/ontology/Person,http://dbpedia.org/resource/Accompaniment,accompanist,926,56,0.9999999953820692,0.0,"Annette Bryn Parri is a Welsh pianist, best known as an accompanist to opera stars such as Bryn Terfel, Rebecca Evans and Jason Howard.",0,0,
http://dbpedia.org/ontology/PersonFunction,http://dbpedia.org/resource/Accompaniment,accompanist,926,56,0.9999999953820692,0.0,"Annette Bryn Parri is a Welsh pianist, best known as an accompanist to opera stars such as Bryn Terfel, Rebecca Evans and Jason Howard.",0,0,
http://www.w3.org/2002/07/owl#Thing,http://dbpedia.org/resource/Opera,opera,30560,71,0.9996369469576122,0.0003472132049903813,"Annette Bryn Parri is a Welsh pianist, best known as an accompanist to opera stars such as Bryn Terfel, Rebecca Evans and Jason Howard.",0,0,
http://dbpedia.org/ontology/MusicGenre,http://dbpedia.org/resource/Opera,opera,30560,71,0.9996369469576122,0.0003472132049903813,"Annette Bryn Parri is a Welsh pianist, best known as an accompanist to opera stars such as Bryn Terfel, Rebecca Evans and Jason Howard.",0,0,
http://www.w3.org/2002/07/owl#Thing,http://dbpedia.org/resource/Rebecca_Evans_(soprano),Rebecca Evans,31,104,0.8889913108263416,0.124869927159211,"Annette Bryn Parri is a Welsh pianist, best known as an accompanist to opera stars such as Bryn Terfel, Rebecca Evans and Jason Howard.",0,0,
http://xmlns.com/foaf/0.1/Person,http://dbpedia.org/resource/Rebecca_Evans_(soprano),Rebecca Evans,31,104,0.8889913108263416,0.124869927159211,"Annette Bryn Parri is a Welsh pianist, best known as an accompanist to opera stars such as Bryn Terfel, Rebecca Evans and Jason Howard.",0,0,
http://dbpedia.org/ontology/Person,http://dbpedia.org/resource/Rebecca_Evans_(soprano),Rebecca Evans,31,104,0.8889913108263416,0.124869927159211,"Annette Bryn Parri is a Welsh pianist, best known as an accompanist to opera stars such as Bryn Terfel, Rebecca Evans and Jason Howard.",0,0,
http://schema.org/Person,http://dbpedia.org/resource/Rebecca_Evans_(soprano),Rebecca Evans,31,104,0.8889913108263416,0.124869927159211,"Annette Bryn Parri is a Welsh pianist, best known as an accompanist to opera stars such as Bryn Terfel, Rebecca Evans and Jason Howard.",0,0,
http://dbpedia.org/ontology/Animal,http://dbpedia.org/resource/Rebecca_Evans_(soprano),Rebecca Evans,31,104,0.8889913108263416,0.124869927159211,"Annette Bryn Parri is a Welsh pianist, best known as an accompanist to opera stars such as Bryn Terfel, Rebecca Evans and Jason Howard.",0,0,
http://dbpedia.org/ontology/Eukaryote,http://dbpedia.org/resource/Rebecca_Evans_(soprano),Rebecca Evans,31,104,0.8889913108263416,0.124869927159211,"Annette Bryn Parri is a Welsh pianist, best known as an accompanist to opera stars such as Bryn Terfel, Rebecca Evans and Jason Howard.",0,0,
http://dbpedia.org/ontology/Species,http://dbpedia.org/resource/Rebecca_Evans_(soprano),Rebecca Evans,31,104,0.8889913108263416,0.124869927159211,"Annette Bryn Parri is a Welsh pianist, best known as an accompanist to opera stars such as Bryn Terfel, Rebecca Evans and Jason Howard.",0,0,
http://www.ontologydesignpatterns.org/ont/dul/DUL.owl#NaturalPerson,http://dbpedia.org/resource/Rebecca_Evans_(soprano),Rebecca Evans,31,104,0.8889913108263416,0.124869927159211,"Annette Bryn Parri is a Welsh pianist, best known as an accompanist to opera stars such as Bryn Terfel, Rebecca Evans and Jason Howard.",0,0,
http://www.wikidata.org/entity/Q19088,http://dbpedia.org/resource/Rebecca_Evans_(soprano),Rebecca Evans,31,104,0.8889913108263416,0.124869927159211,"Annette Bryn Parri is a Welsh pianist, best known as an accompanist to opera stars such as Bryn Terfel, Rebecca Evans and Jason Howard.",0,0,
http://www.wikidata.org/entity/Q215627,http://dbpedia.org/resource/Rebecca_Evans_(soprano),Rebecca Evans,31,104,0.8889913108263416,0.124869927159211,"Annette Bryn Parri is a Welsh pianist, best known as an accompanist to opera stars such as Bryn Terfel, Rebecca Evans and Jason Howard.",0,0,
http://www.wikidata.org/entity/Q5,http://dbpedia.org/resource/Rebecca_Evans_(soprano),Rebecca Evans,31,104,0.8889913108263416,0.124869927159211,"Annette Bryn Parri is a Welsh pianist, best known as an accompanist to opera stars such as Bryn Terfel, Rebecca Evans and Jason Howard.",0,0,
http://www.wikidata.org/entity/Q729,http://dbpedia.org/resource/Rebecca_Evans_(soprano),Rebecca Evans,31,104,0.8889913108263416,0.124869927159211,"Annette Bryn Parri is a Welsh pianist, best known as an accompanist to opera stars such as Bryn Terfel, Rebecca Evans and Jason Howard.",0,0,
http://dbpedia.org/ontology/SocietalEvent,http://dbpedia.org/resource/Eisteddfod,Eisteddfod,624,40,0.916050272132637,0.0916431449444751,"Parri appears regularly on the National Eisteddfod stage, and also at the International Eisteddfod at Llangollen.",1,0,
http://www.w3.org/2002/07/owl#Thing,http://dbpedia.org/resource/Wales,Wales,69011,29,0.9995134057567364,0.0003524164922424173,"Parri was born in Deiniolen, Wales.",0,2,== Early life ==
http://dbpedia.org/class/yago/WikicatAutonomousCountrySubdivisions,http://dbpedia.org/resource/Wales,Wales,69011,29,0.9995134057567364,0.0003524164922424173,"Parri was born in Deiniolen, Wales.",0,2,== Early life ==
http://dbpedia.org/ontology/Country,http://dbpedia.org/resource/Wales,Wales,69011,29,0.9995134057567364,0.0003524164922424173,"Parri was born in Deiniolen, Wales.",0,2,== Early life ==
http://www.w3.org/2003/01/geo/wgs84_pos#SpatialThing,http://dbpedia.org/resource/Wales,Wales,69011,29,0.9995134057567364,0.0003524164922424173,"Parri was born in Deiniolen, Wales.",0,2,== Early life ==
http://dbpedia.org/class/yago/WikicatIslandCountries,http://dbpedia.org/resource/Wales,Wales,69011,29,0.9995134057567364,0.0003524164922424173,"Parri was born in Deiniolen, Wales.",0,2,== Early life ==
http://dbpedia.org/ontology/MusicalArtist,http://dbpedia.org/resource/Wales,Wales,69011,29,0.9995134057567364,0.0003524164922424173,"Parri was born in Deiniolen, Wales.",0,2,== Early life ==
http://dbpedia.org/class/yago/YagoGeoEntity,http://dbpedia.org/resource/Wales,Wales,69011,29,0.9995134057567364,0.0003524164922424173,"Parri was born in Deiniolen, Wales.",0,2,== Early life ==
http://dbpedia.org/class/yago/YagoLegalActorGeo,http://dbpedia.org/resource/Wales,Wales,69011,29,0.9995134057567364,0.0003524164922424173,"Parri was born in Deiniolen, Wales.",0,2,== Early life ==
http://dbpedia.org/class/yago/YagoPermanentlyLocatedEntity,http://dbpedia.org/resource/Wales,Wales,69011,29,0.9995134057567364,0.0003524164922424173,"Parri was born in Deiniolen, Wales.",0,2,== Early life ==
http://dbpedia.org/class/yago/WikicatNUTS1StatisticalRegionsOfTheEuropeanUnion,http://dbpedia.org/resource/Wales,Wales,69011,29,0.9995134057567364,0.0003524164922424173,"Parri was born in Deiniolen, Wales.",0,2,== Early life ==
http://dbpedia.org/class/yago/WikicatNUTS1StatisticalRegionsOfTheUnitedKingdom,http://dbpedia.org/resource/Wales,Wales,69011,29,0.9995134057567364,0.0003524164922424173,"Parri was born in Deiniolen, Wales.",0,2,== Early life ==
http://dbpedia.org/class/yago/AdministrativeDistrict108491826,http://dbpedia.org/resource/Wales,Wales,69011,29,0.9995134057567364,0.0003524164922424173,"Parri was born in Deiniolen, Wales.",0,2,== Early life ==
http://dbpedia.org/class/yago/Country108544813,http://dbpedia.org/resource/Wales,Wales,69011,29,0.9995134057567364,0.0003524164922424173,"Parri was born in Deiniolen, Wales.",0,2,== Early life ==
http://dbpedia.org/class/yago/District108552138,http://dbpedia.org/resource/Wales,Wales,69011,29,0.9995134057567364,0.0003524164922424173,"Parri was born in Deiniolen, Wales.",0,2,== Early life ==
http://dbpedia.org/class/yago/GeographicalArea108574314,http://dbpedia.org/resource/Wales,Wales,69011,29,0.9995134057567364,0.0003524164922424173,"Parri was born in Deiniolen, Wales.",0,2,== Early life ==
http://dbpedia.org/class/yago/Location100027167,http://dbpedia.org/resource/Wales,Wales,69011,29,0.9995134057567364,0.0003524164922424173,"Parri was born in Deiniolen, Wales.",0,2,== Early life ==
http://dbpedia.org/class/yago/Object100002684,http://dbpedia.org/resource/Wales,Wales,69011,29,0.9995134057567364,0.0003524164922424173,"Parri was born in Deiniolen, Wales.",0,2,== Early life ==
http://dbpedia.org/class/yago/PhysicalEntity100001930,http://dbpedia.org/resource/Wales,Wales,69011,29,0.9995134057567364,0.0003524164922424173,"Parri was born in Deiniolen, Wales.",0,2,== Early life ==
http://dbpedia.org/class/yago/Region108630039,http://dbpedia.org/resource/Wales,Wales,69011,29,0.9995134057567364,0.0003524164922424173,"Parri was born in Deiniolen, Wales.",0,2,== Early life ==
http://dbpedia.org/class/yago/Region108630985,http://dbpedia.org/resource/Wales,Wales,69011,29,0.9995134057567364,0.0003524164922424173,"Parri was born in Deiniolen, Wales.",0,2,== Early life ==
http://dbpedia.org/class/yago/Subdivision108674251,http://dbpedia.org/resource/Wales,Wales,69011,29,0.9995134057567364,0.0003524164922424173,"Parri was born in Deiniolen, Wales.",0,2,== Early life ==
http://dbpedia.org/class/yago/Tract108673395,http://dbpedia.org/resource/Wales,Wales,69011,29,0.9995134057567364,0.0003524164922424173,"Parri was born in Deiniolen, Wales.",0,2,== Early life ==
http://www.w3.org/2002/07/owl#Thing,http://dbpedia.org/resource/Piano,piano,43878,15,0.9999911019811482,6.818097267991476e-06,"Having studied piano with Rhiannon Gabrielson, Parri graduated with a GRNCM in 1984 from the Royal Northern College of Music in Manchester after studying under Marjorie Clementi.",1,2,== Early life ==
http://dbpedia.org/ontology/Agent,http://dbpedia.org/resource/Piano,piano,43878,15,0.9999911019811482,6.818097267991476e-06,"Having studied piano with Rhiannon Gabrielson, Parri graduated with a GRNCM in 1984 from the Royal Northern College of Music in Manchester after studying under Marjorie Clementi.",1,2,== Early life ==
http://dbpedia.org/ontology/PersonFunction,http://dbpedia.org/resource/Piano,piano,43878,15,0.9999911019811482,6.818097267991476e-06,"Having studied piano with Rhiannon Gabrielson, Parri graduated with a GRNCM in 1984 from the Royal Northern College of Music in Manchester after studying under Marjorie Clementi.",1,2,== Early life ==
http://dbpedia.org/class/yago/YagoGeoEntity,http://dbpedia.org/resource/Piano,piano,43878,15,0.9999911019811482,6.818097267991476e-06,"Having studied piano with Rhiannon Gabrielson, Parri graduated with a GRNCM in 1984 from the Royal Northern College of Music in Manchester after studying under Marjorie Clementi.",1,2,== Early life ==
http://dbpedia.org/class/yago/YagoLegalActorGeo,http://dbpedia.org/resource/Piano,piano,43878,15,0.9999911019811482,6.818097267991476e-06,"Having studied piano with Rhiannon Gabrielson, Parri graduated with a GRNCM in 1984 from the Royal Northern College of Music in Manchester after studying under Marjorie Clementi.",1,2,== Early life ==
http://dbpedia.org/class/yago/YagoPermanentlyLocatedEntity,http://dbpedia.org/resource/Piano,piano,43878,15,0.9999911019811482,6.818097267991476e-06,"Having studied piano with Rhiannon Gabrielson, Parri graduated with a GRNCM in 1984 from the Royal Northern College of Music in Manchester after studying under Marjorie Clementi.",1,2,== Early life ==
http://dbpedia.org/class/yago/WikicatMusicVenuesInNewYorkCity,http://dbpedia.org/resource/Piano,piano,43878,15,0.9999911019811482,6.818097267991476e-06,"Having studied piano with Rhiannon Gabrielson, Parri graduated with a GRNCM in 1984 from the Royal Northern College of Music in Manchester after studying under Marjorie Clementi.",1,2,== Early life ==
http://dbpedia.org/class/yago/Area108497294,http://dbpedia.org/resource/Piano,piano,43878,15,0.9999911019811482,6.818097267991476e-06,"Having studied piano with Rhiannon Gabrielson, Parri graduated with a GRNCM in 1984 from the Royal Northern College of Music in Manchester after studying under Marjorie Clementi.",1,2,== Early life ==
http://dbpedia.org/class/yago/Artifact100021939,http://dbpedia.org/resource/Piano,piano,43878,15,0.9999911019811482,6.818097267991476e-06,"Having studied piano with Rhiannon Gabrielson, Parri graduated with a GRNCM in 1984 from the Royal Northern College of Music in Manchester after studying under Marjorie Clementi.",1,2,== Early life ==
http://dbpedia.org/class/yago/Cabaret102931417,http://dbpedia.org/resource/Piano,piano,43878,15,0.9999911019811482,6.818097267991476e-06,"Having studied piano with Rhiannon Gabrielson, Parri graduated with a GRNCM in 1984 from the Royal Northern College of Music in Manchester after studying under Marjorie Clementi.",1,2,== Early life ==
http://dbpedia.org/class/yago/Establishment103297735,http://dbpedia.org/resource/Piano,piano,43878,15,0.9999911019811482,6.818097267991476e-06,"Having studied piano with Rhiannon Gabrielson, Parri graduated with a GRNCM in 1984 from the Royal Northern College of Music in Manchester after studying under Marjorie Clementi.",1,2,== Early life ==
http://dbpedia.org/class/yago/Location100027167,http://dbpedia.org/resource/Piano,piano,43878,15,0.9999911019811482,6.818097267991476e-06,"Having studied piano with Rhiannon Gabrielson, Parri graduated with a GRNCM in 1984 from the Royal Northern College of Music in Manchester after studying under Marjorie Clementi.",1,2,== Early life ==
http://dbpedia.org/class/yago/Object100002684,http://dbpedia.org/resource/Piano,piano,43878,15,0.9999911019811482,6.818097267991476e-06,"Having studied piano with Rhiannon Gabrielson, Parri graduated with a GRNCM in 1984 from the Royal Northern College of Music in Manchester after studying under Marjorie Clementi.",1,2,== Early life ==
http://dbpedia.org/class/yago/PhysicalEntity100001930,http://dbpedia.org/resource/Piano,piano,43878,15,0.9999911019811482,6.818097267991476e-06,"Having studied piano with Rhiannon Gabrielson, Parri graduated with a GRNCM in 1984 from the Royal Northern College of Music in Manchester after studying under Marjorie Clementi.",1,2,== Early life ==
http://dbpedia.org/class/yago/PlaceOfBusiness103953020,http://dbpedia.org/resource/Piano,piano,43878,15,0.9999911019811482,6.818097267991476e-06,"Having studied piano with Rhiannon Gabrielson, Parri graduated with a GRNCM in 1984 from the Royal Northern College of Music in Manchester after studying under Marjorie Clementi.",1,2,== Early life ==
http://dbpedia.org/class/yago/Region108630985,http://dbpedia.org/resource/Piano,piano,43878,15,0.9999911019811482,6.818097267991476e-06,"Having studied piano with Rhiannon Gabrielson, Parri graduated with a GRNCM in 1984 from the Royal Northern College of Music in Manchester after studying under Marjorie Clementi.",1,2,== Early life ==
http://dbpedia.org/class/yago/Scene108645963,http://dbpedia.org/resource/Piano,piano,43878,15,0.9999911019811482,6.818097267991476e-06,"Having studied piano with Rhiannon Gabrielson, Parri graduated with a GRNCM in 1984 from the Royal Northern College of Music in Manchester after studying under Marjorie Clementi.",1,2,== Early life ==
http://dbpedia.org/class/yago/Spot104286128,http://dbpedia.org/resource/Piano,piano,43878,15,0.9999911019811482,6.818097267991476e-06,"Having studied piano with Rhiannon Gabrielson, Parri graduated with a GRNCM in 1984 from the Royal Northern College of Music in Manchester after studying under Marjorie Clementi.",1,2,== Early life ==
http://dbpedia.org/class/yago/Structure104341686,http://dbpedia.org/resource/Piano,piano,43878,15,0.9999911019811482,6.818097267991476e-06,"Having studied piano with Rhiannon Gabrielson, Parri graduated with a GRNCM in 1984 from the Royal Northern College of Music in Manchester after studying under Marjorie Clementi.",1,2,== Early life ==
http://dbpedia.org/class/yago/Venue108677628,http://dbpedia.org/resource/Piano,piano,43878,15,0.9999911019811482,6.818097267991476e-06,"Having studied piano with Rhiannon Gabrielson, Parri graduated with a GRNCM in 1984 from the Royal Northern College of Music in Manchester after studying under Marjorie Clementi.",1,2,== Early life ==
http://dbpedia.org/class/yago/Whole100003553,http://dbpedia.org/resource/Piano,piano,43878,15,0.9999911019811482,6.818097267991476e-06,"Having studied piano with Rhiannon Gabrielson, Parri graduated with a GRNCM in 1984 from the Royal Northern College of Music in Manchester after studying under Marjorie Clementi.",1,2,== Early life ==
http://dbpedia.org/class/yago/WikicatNightclubsInNewYorkCity,http://dbpedia.org/resource/Piano,piano,43878,15,0.9999911019811482,6.818097267991476e-06,"Having studied piano with Rhiannon Gabrielson, Parri graduated with a GRNCM in 1984 from the Royal Northern College of Music in Manchester after studying under Marjorie Clementi.",1,2,== Early life ==
http://www.w3.org/2002/07/owl#Thing,http://dbpedia.org/resource/Rhiannon,Rhiannon,245,26,0.9999874418039796,1.254065978882007e-05,"Having studied piano with Rhiannon Gabrielson, Parri graduated with a GRNCM in 1984 from the Royal Northern College of Music in Manchester after studying under Marjorie Clementi.",1,2,== Early life ==
http://dbpedia.org/ontology/Person,http://dbpedia.org/resource/Rhiannon,Rhiannon,245,26,0.9999874418039796,1.254065978882007e-05,"Having studied piano with Rhiannon Gabrielson, Parri graduated with a GRNCM in 1984 from the Royal Northern College of Music in Manchester after studying under Marjorie Clementi.",1,2,== Early life ==
http://dbpedia.org/class/yago/WikicatWelshWomen,http://dbpedia.org/resource/Rhiannon,Rhiannon,245,26,0.9999874418039796,1.254065978882007e-05,"Having studied piano with Rhiannon Gabrielson, Parri graduated with a GRNCM in 1984 from the Royal Northern College of Music in Manchester after studying under Marjorie Clementi.",1,2,== Early life ==
http://dbpedia.org/class/yago/Woman110787470,http://dbpedia.org/resource/Rhiannon,Rhiannon,245,26,0.9999874418039796,1.254065978882007e-05,"Having studied piano with Rhiannon Gabrielson, Parri graduated with a GRNCM in 1984 from the Royal Northern College of Music in Manchester after studying under Marjorie Clementi.",1,2,== Early life ==
http://dbpedia.org/class/yago/YagoLegalActor,http://dbpedia.org/resource/Rhiannon,Rhiannon,245,26,0.9999874418039796,1.254065978882007e-05,"Having studied piano with Rhiannon Gabrielson, Parri graduated with a GRNCM in 1984 from the Royal Northern College of Music in Manchester after studying under Marjorie Clementi.",1,2,== Early life ==
http://dbpedia.org/class/yago/YagoLegalActorGeo,http://dbpedia.org/resource/Rhiannon,Rhiannon,245,26,0.9999874418039796,1.254065978882007e-05,"Having studied piano with Rhiannon Gabrielson, Parri graduated with a GRNCM in 1984 from the Royal Northern College of Music in Manchester after studying under Marjorie Clementi.",1,2,== Early life ==
http://dbpedia.org/class/yago/WikicatMythologicalQueens,http://dbpedia.org/resource/Rhiannon,Rhiannon,245,26,0.9999874418039796,1.254065978882007e-05,"Having studied piano with Rhiannon Gabrielson, Parri graduated with a GRNCM in 1984 from the Royal Northern College of Music in Manchester after studying under Marjorie Clementi.",1,2,== Early life ==
http://dbpedia.org/class/yago/Adult109605289,http://dbpedia.org/resource/Rhiannon,Rhiannon,245,26,0.9999874418039796,1.254065978882007e-05,"Having studied piano with Rhiannon Gabrielson, Parri graduated with a GRNCM in 1984 from the Royal Northern College of Music in Manchester after studying under Marjorie Clementi.",1,2,== Early life ==
http://dbpedia.org/class/yago/Aristocrat109807754,http://dbpedia.org/resource/Rhiannon,Rhiannon,245,26,0.9999874418039796,1.254065978882007e-05,"Having studied piano with Rhiannon Gabrielson, Parri graduated with a GRNCM in 1984 from the Royal Northern College of Music in Manchester after studying under Marjorie Clementi.",1,2,== Early life ==
http://dbpedia.org/class/yago/CausalAgent100007347,http://dbpedia.org/resource/Rhiannon,Rhiannon,245,26,0.9999874418039796,1.254065978882007e-05,"Having studied piano with Rhiannon Gabrielson, Parri graduated with a GRNCM in 1984 from the Royal Northern College of Music in Manchester after studying under Marjorie Clementi.",1,2,== Early life ==
http://dbpedia.org/class/yago/Female109619168,http://dbpedia.org/resource/Rhiannon,Rhiannon,245,26,0.9999874418039796,1.254065978882007e-05,"Having studied piano with Rhiannon Gabrielson, Parri graduated with a GRNCM in 1984 from the Royal Northern College of Music in Manchester after studying under Marjorie Clementi.",1,2,== Early life ==
http://dbpedia.org/class/yago/FemaleAristocrat110083823,http://dbpedia.org/resource/Rhiannon,Rhiannon,245,26,0.9999874418039796,1.254065978882007e-05,"Having studied piano with Rhiannon Gabrielson, Parri graduated with a GRNCM in 1984 from the Royal Northern College of Music in Manchester after studying under Marjorie Clementi.",1,2,== Early life ==
http://dbpedia.org/class/yago/Leader109623038,http://dbpedia.org/resource/Rhiannon,Rhiannon,245,26,0.9999874418039796,1.254065978882007e-05,"Having studied piano with Rhiannon Gabrielson, Parri graduated with a GRNCM in 1984 from the Royal Northern College of Music in Manchester after studying under Marjorie Clementi.",1,2,== Early life ==
http://dbpedia.org/class/yago/LivingThing100004258,http://dbpedia.org/resource/Rhiannon,Rhiannon,245,26,0.9999874418039796,1.254065978882007e-05,"Having studied piano with Rhiannon Gabrielson, Parri graduated with a GRNCM in 1984 from the Royal Northern College of Music in Manchester after studying under Marjorie Clementi.",1,2,== Early life ==
http://dbpedia.org/class/yago/Object100002684,http://dbpedia.org/resource/Rhiannon,Rhiannon,245,26,0.9999874418039796,1.254065978882007e-05,"Having studied piano with Rhiannon Gabrielson, Parri graduated with a GRNCM in 1984 from the Royal Northern College of Music in Manchester after studying under Marjorie Clementi.",1,2,== Early life ==
http://dbpedia.org/class/yago/Organism100004475,http://dbpedia.org/resource/Rhiannon,Rhiannon,245,26,0.9999874418039796,1.254065978882007e-05,"Having studied piano with Rhiannon Gabrielson, Parri graduated with a GRNCM in 1984 from the Royal Northern College of Music in Manchester after studying under Marjorie Clementi.",1,2,== Early life ==
http://dbpedia.org/class/yago/Person100007846,http://dbpedia.org/resource/Rhiannon,Rhiannon,245,26,0.9999874418039796,1.254065978882007e-05,"Having studied piano with Rhiannon Gabrielson, Parri graduated with a GRNCM in 1984 from the Royal Northern College of Music in Manchester after studying under Marjorie Clementi.",1,2,== Early life ==
http://dbpedia.org/class/yago/PhysicalEntity100001930,http://dbpedia.org/resource/Rhiannon,Rhiannon,245,26,0.9999874418039796,1.254065978882007e-05,"Having studied piano with Rhiannon Gabrielson, Parri graduated with a GRNCM in 1984 from the Royal Northern College of Music in Manchester after studying under Marjorie Clementi.",1,2,== Early life ==
http://dbpedia.org/class/yago/Queen110499355,http://dbpedia.org/resource/Rhiannon,Rhiannon,245,26,0.9999874418039796,1.254065978882007e-05,"Having studied piano with Rhiannon Gabrielson, Parri graduated with a GRNCM in 1984 from the Royal Northern College of Music in Manchester after studying under Marjorie Clementi.",1,2,== Early life ==
http://dbpedia.org/class/yago/Whole100003553,http://dbpedia.org/resource/Rhiannon,Rhiannon,245,26,0.9999874418039796,1.254065978882007e-05,"Having studied piano with Rhiannon Gabrielson, Parri graduated with a GRNCM in 1984 from the Royal Northern College of Music in Manchester after studying under Marjorie Clementi.",1,2,== Early life ==
http://www.w3.org/2002/07/owl#Thing,http://dbpedia.org/resource/Muzio_Clementi,Clementi,258,169,0.8624299861945421,0.1537848164357001,"Having studied piano with Rhiannon Gabrielson, Parri graduated with a GRNCM in 1984 from the Royal Northern College of Music in Manchester after studying under Marjorie Clementi.",1,2,== Early life ==
http://dbpedia.org/ontology/Person,http://dbpedia.org/resource/Muzio_Clementi,Clementi,258,169,0.8624299861945421,0.1537848164357001,"Having studied piano with Rhiannon Gabrielson, Parri graduated with a GRNCM in 1984 from the Royal Northern College of Music in Manchester after studying under Marjorie Clementi.",1,2,== Early life ==
http://dbpedia.org/class/yago/WikicatItalianClassicalPianists,http://dbpedia.org/resource/Muzio_Clementi,Clementi,258,169,0.8624299861945421,0.1537848164357001,"Having studied piano with Rhiannon Gabrielson, Parri graduated with a GRNCM in 1984 from the Royal Northern College of Music in Manchester after studying under Marjorie Clementi.",1,2,== Early life ==
http://dbpedia.org/class/yago/WikicatItalianComposers,http://dbpedia.org/resource/Muzio_Clementi,Clementi,258,169,0.8624299861945421,0.1537848164357001,"Having studied piano with Rhiannon Gabrielson, Parri graduated with a GRNCM in 1984 from the Royal Northern College of Music in Manchester after studying under Marjorie Clementi.",1,2,== Early life ==
http://dbpedia.org/class/yago/WikicatItalianEmigrantsToGreatBritain,http://dbpedia.org/resource/Muzio_Clementi,Clementi,258,169,0.8624299861945421,0.1537848164357001,"Having studied piano with Rhiannon Gabrielson, Parri graduated with a GRNCM in 1984 from the Royal Northern College of Music in Manchester after studying under Marjorie Clementi.",1,2,== Early life ==
http://dbpedia.org/class/yago/WikicatItalianMusicEducators,http://dbpedia.org/resource/Muzio_Clementi,Clementi,258,169,0.8624299861945421,0.1537848164357001,"Having studied piano with Rhiannon Gabrielson, Parri graduated with a GRNCM in 1984 from the Royal Northern College of Music in Manchester after studying under Marjorie Clementi.",1,2,== Early life ==
http://dbpedia.org/class/yago/WikicatItalianMusicians,http://dbpedia.org/resource/Muzio_Clementi,Clementi,258,169,0.8624299861945421,0.1537848164357001,"Having studied piano with Rhiannon Gabrielson, Parri graduated with a GRNCM in 1984 from the Royal Northern College of Music in Manchester after studying under Marjorie Clementi.",1,2,== Early life ==
http://dbpedia.org/class/yago/WikicatItalianPianists,http://dbpedia.org/resource/Muzio_Clementi,Clementi,258,169,0.8624299861945421,0.1537848164357001,"Having studied piano with Rhiannon Gabrielson, Parri graduated with a GRNCM in 1984 from the Royal Northern College of Music in Manchester after studying under Marjorie Clementi.",1,2,== Early life ==
http://dbpedia.org/class/yago/WikicatPianoMakers,http://dbpedia.org/resource/Muzio_Clementi,Clementi,258,169,0.8624299861945421,0.1537848164357001,"Having studied piano with Rhiannon Gabrielson, Parri graduated with a GRNCM in 1984 from the Royal Northern College of Music in Manchester after studying under Marjorie Clementi.",1,2,== Early life ==
http://dbpedia.org/class/yago/WikicatClassical-periodComposers,http://dbpedia.org/resource/Muzio_Clementi,Clementi,258,169,0.8624299861945421,0.1537848164357001,"Having studied piano with Rhiannon Gabrielson, Parri graduated with a GRNCM in 1984 from the Royal Northern College of Music in Manchester after studying under Marjorie Clementi.",1,2,== Early life ==
http://dbpedia.org/class/yago/WikicatClassicalComposers,http://dbpedia.org/resource/Muzio_Clementi,Clementi,258,169,0.8624299861945421,0.1537848164357001,"Having studied piano with Rhiannon Gabrielson, Parri graduated with a GRNCM in 1984 from the Royal Northern College of Music in Manchester after studying under Marjorie Clementi.",1,2,== Early life ==
http://dbpedia.org/class/yago/WikicatClassicalPianists,http://dbpedia.org/resource/Muzio_Clementi,Clementi,258,169,0.8624299861945421,0.1537848164357001,"Having studied piano with Rhiannon Gabrielson, Parri graduated with a GRNCM in 1984 from the Royal Northern College of Music in Manchester after studying under Marjorie Clementi.",1,2,== Early life ==
http://dbpedia.org/class/yago/WikicatComposersForPiano,http://dbpedia.org/resource/Muzio_Clementi,Clementi,258,169,0.8624299861945421,0.1537848164357001,"Having studied piano with Rhiannon Gabrielson, Parri graduated with a GRNCM in 1984 from the Royal Northern College of Music in Manchester after studying under Marjorie Clementi.",1,2,== Early life ==
http://dbpedia.org/class/yago/YagoLegalActor,http://dbpedia.org/resource/Muzio_Clementi,Clementi,258,169,0.8624299861945421,0.1537848164357001,"Having studied piano with Rhiannon Gabrielson, Parri graduated with a GRNCM in 1984 from the Royal Northern College of Music in Manchester after studying under Marjorie Clementi.",1,2,== Early life ==
http://dbpedia.org/class/yago/YagoLegalActorGeo,http://dbpedia.org/resource/Muzio_Clementi,Clementi,258,169,0.8624299861945421,0.1537848164357001,"Having studied piano with Rhiannon Gabrielson, Parri graduated with a GRNCM in 1984 from the Royal Northern College of Music in Manchester after studying under Marjorie Clementi.",1,2,== Early life ==
http://dbpedia.org/class/yago/WikicatMusiciansFromRome,http://dbpedia.org/resource/Muzio_Clementi,Clementi,258,169,0.8624299861945421,0.1537848164357001,"Having studied piano with Rhiannon Gabrielson, Parri graduated with a GRNCM in 1984 from the Royal Northern College of Music in Manchester after studying under Marjorie Clementi.",1,2,== Early life ==
http://dbpedia.org/class/yago/WikicatRomanticComposers,http://dbpedia.org/resource/Muzio_Clementi,Clementi,258,169,0.8624299861945421,0.1537848164357001,"Having studied piano with Rhiannon Gabrielson, Parri graduated with a GRNCM in 1984 from the Royal Northern College of Music in Manchester after studying under Marjorie Clementi.",1,2,== Early life ==
http://dbpedia.org/class/yago/Adult109605289,http://dbpedia.org/resource/Muzio_Clementi,Clementi,258,169,0.8624299861945421,0.1537848164357001,"Having studied piano with Rhiannon Gabrielson, Parri graduated with a GRNCM in 1984 from the Royal Northern College of Music in Manchester after studying under Marjorie Clementi.",1,2,== Early life ==
http://dbpedia.org/class/yago/Artist109812338,http://dbpedia.org/resource/Muzio_Clementi,Clementi,258,169,0.8624299861945421,0.1537848164357001,"Having studied piano with Rhiannon Gabrielson, Parri graduated with a GRNCM in 1984 from the Royal Northern College of Music in Manchester after studying under Marjorie Clementi.",1,2,== Early life ==
http://dbpedia.org/class/yago/CausalAgent100007347,http://dbpedia.org/resource/Muzio_Clementi,Clementi,258,169,0.8624299861945421,0.1537848164357001,"Having studied piano with Rhiannon Gabrielson, Parri graduated with a GRNCM in 1984 from the Royal Northern College of Music in Manchester after studying under Marjorie Clementi.",1,2,== Early life ==
http://dbpedia.org/class/yago/Citizen109923673,http://dbpedia.org/resource/Muzio_Clementi,Clementi,258,169,0.8624299861945421,0.1537848164357001,"Having studied piano with Rhiannon Gabrielson, Parri graduated with a GRNCM in 1984 from the Royal Northern College of Music in Manchester after studying under Marjorie Clementi.",1,2,== Early life ==
http://dbpedia.org/class/yago/Composer109947232,http://dbpedia.org/resource/Muzio_Clementi,Clementi,258,169,0.8624299861945421,0.1537848164357001,"Having studied piano with Rhiannon Gabrielson, Parri graduated with a GRNCM in 1984 from the Royal Northern College of Music in Manchester after studying under Marjorie Clementi.",1,2,== Early life ==
http://dbpedia.org/class/yago/Creator109614315,http://dbpedia.org/resource/Muzio_Clementi,Clementi,258,169,0.8624299861945421,0.1537848164357001,"Having studied piano with Rhiannon Gabrielson, Parri graduated with a GRNCM in 1984 from the Royal Northern College of Music in Manchester after studying under Marjorie Clementi.",1,2,== Early life ==
http://dbpedia.org/class/yago/Educator110045713,http://dbpedia.org/resource/Muzio_Clementi,Clementi,258,169,0.8624299861945421,0.1537848164357001,"Having studied piano with Rhiannon Gabrielson, Parri graduated with a GRNCM in 1984 from the Royal Northern College of Music in Manchester after studying under Marjorie Clementi.",1,2,== Early life ==
http://dbpedia.org/class/yago/Emigrant110051975,http://dbpedia.org/resource/Muzio_Clementi,Clementi,258,169,0.8624299861945421,0.1537848164357001,"Having studied piano with Rhiannon Gabrielson, Parri graduated with a GRNCM in 1984 from the Royal Northern College of Music in Manchester after studying under Marjorie Clementi.",1,2,== Early life ==
http://dbpedia.org/class/yago/Entertainer109616922,http://dbpedia.org/resource/Muzio_Clementi,Clementi,258,169,0.8624299861945421,0.1537848164357001,"Having studied piano with Rhiannon Gabrielson, Parri graduated with a GRNCM in 1984 from the Royal Northern College of Music in Manchester after studying under Marjorie Clementi.",1,2,== Early life ==
http://dbpedia.org/class/yago/LivingThing100004258,http://dbpedia.org/resource/Muzio_Clementi,Clementi,258,169,0.8624299861945421,0.1537848164357001,"Having studied piano with Rhiannon Gabrielson, Parri graduated with a GRNCM in 1984 from the Royal Northern College of Music in Manchester after studying under Marjorie Clementi.",1,2,== Early life ==
http://dbpedia.org/class/yago/Maker110284064,http://dbpedia.org/resource/Muzio_Clementi,Clementi,258,169,0.8624299861945421,0.1537848164357001,"Having studied piano with Rhiannon Gabrielson, Parri graduated with a GRNCM in 1984 from the Royal Northern College of Music in Manchester after studying under Marjorie Clementi.",1,2,== Early life ==
http://dbpedia.org/class/yago/Migrant110314952,http://dbpedia.org/resource/Muzio_Clementi,Clementi,258,169,0.8624299861945421,0.1537848164357001,"Having studied piano with Rhiannon Gabrielson, Parri graduated with a GRNCM in 1984 from the Royal Northern College of Music in Manchester after studying under Marjorie Clementi.",1,2,== Early life ==
http://dbpedia.org/class/yago/Musician110339966,http://dbpedia.org/resource/Muzio_Clementi,Clementi,258,169,0.8624299861945421,0.1537848164357001,"Having studied piano with Rhiannon Gabrielson, Parri graduated with a GRNCM in 1984 from the Royal Northern College of Music in Manchester after studying under Marjorie Clementi.",1,2,== Early life ==
http://dbpedia.org/class/yago/Musician110340312,http://dbpedia.org/resource/Muzio_Clementi,Clementi,258,169,0.8624299861945421,0.1537848164357001,"Having studied piano with Rhiannon Gabrielson, Parri graduated with a GRNCM in 1984 from the Royal Northern College of Music in Manchester after studying under Marjorie Clementi.",1,2,== Early life ==
http://dbpedia.org/class/yago/National109625401,http://dbpedia.org/resource/Muzio_Clementi,Clementi,258,169,0.8624299861945421,0.1537848164357001,"Having studied piano with Rhiannon Gabrielson, Parri graduated with a GRNCM in 1984 from the Royal Northern College of Music in Manchester after studying under Marjorie Clementi.",1,2,== Early life ==
http://dbpedia.org/class/yago/Object100002684,http://dbpedia.org/resource/Muzio_Clementi,Clementi,258,169,0.8624299861945421,0.1537848164357001,"Having studied piano with Rhiannon Gabrielson, Parri graduated with a GRNCM in 1984 from the Royal Northern College of Music in Manchester after studying under Marjorie Clementi.",1,2,== Early life ==
http://dbpedia.org/class/yago/Organism100004475,http://dbpedia.org/resource/Muzio_Clementi,Clementi,258,169,0.8624299861945421,0.1537848164357001,"Having studied piano with Rhiannon Gabrielson, Parri graduated with a GRNCM in 1984 from the Royal Northern College of Music in Manchester after studying under Marjorie Clementi.",1,2,== Early life ==
http://dbpedia.org/class/yago/Performer110415638,http://dbpedia.org/resource/Muzio_Clementi,Clementi,258,169,0.8624299861945421,0.1537848164357001,"Having studied piano with Rhiannon Gabrielson, Parri graduated with a GRNCM in 1984 from the Royal Northern College of Music in Manchester after studying under Marjorie Clementi.",1,2,== Early life ==
http://dbpedia.org/class/yago/Person100007846,http://dbpedia.org/resource/Muzio_Clementi,Clementi,258,169,0.8624299861945421,0.1537848164357001,"Having studied piano with Rhiannon Gabrielson, Parri graduated with a GRNCM in 1984 from the Royal Northern College of Music in Manchester after studying under Marjorie Clementi.",1,2,== Early life ==
http://dbpedia.org/class/yago/PhysicalEntity100001930,http://dbpedia.org/resource/Muzio_Clementi,Clementi,258,169,0.8624299861945421,0.1537848164357001,"Having studied piano with Rhiannon Gabrielson, Parri graduated with a GRNCM in 1984 from the Royal Northern College of Music in Manchester after studying under Marjorie Clementi.",1,2,== Early life ==
http://dbpedia.org/class/yago/Pianist110430665,http://dbpedia.org/resource/Muzio_Clementi,Clementi,258,169,0.8624299861945421,0.1537848164357001,"Having studied piano with Rhiannon Gabrielson, Parri graduated with a GRNCM in 1984 from the Royal Northern College of Music in Manchester after studying under Marjorie Clementi.",1,2,== Early life ==
http://dbpedia.org/class/yago/PianoMaker110431122,http://dbpedia.org/resource/Muzio_Clementi,Clementi,258,169,0.8624299861945421,0.1537848164357001,"Having studied piano with Rhiannon Gabrielson, Parri graduated with a GRNCM in 1984 from the Royal Northern College of Music in Manchester after studying under Marjorie Clementi.",1,2,== Early life ==
http://dbpedia.org/class/yago/Professional110480253,http://dbpedia.org/resource/Muzio_Clementi,Clementi,258,169,0.8624299861945421,0.1537848164357001,"Having studied piano with Rhiannon Gabrielson, Parri graduated with a GRNCM in 1984 from the Royal Northern College of Music in Manchester after studying under Marjorie Clementi.",1,2,== Early life ==
http://dbpedia.org/class/yago/Traveler109629752,http://dbpedia.org/resource/Muzio_Clementi,Clementi,258,169,0.8624299861945421,0.1537848164357001,"Having studied piano with Rhiannon Gabrielson, Parri graduated with a GRNCM in 1984 from the Royal Northern College of Music in Manchester after studying under Marjorie Clementi.",1,2,== Early life ==
http://dbpedia.org/class/yago/Whole100003553,http://dbpedia.org/resource/Muzio_Clementi,Clementi,258,169,0.8624299861945421,0.1537848164357001,"Having studied piano with Rhiannon Gabrielson, Parri graduated with a GRNCM in 1984 from the Royal Northern College of Music in Manchester after studying under Marjorie Clementi.",1,2,== Early life ==
http://dbpedia.org/class/yago/WikicatEnglishPeopleOfItalianDescent,http://dbpedia.org/resource/Muzio_Clementi,Clementi,258,169,0.8624299861945421,0.1537848164357001,"Having studied piano with Rhiannon Gabrielson, Parri graduated with a GRNCM in 1984 from the Royal Northern College of Music in Manchester after studying under Marjorie Clementi.",1,2,== Early life ==
http://dbpedia.org/class/yago/WikicatNaturalisedCitizensOfTheUnitedKingdom,http://dbpedia.org/resource/Muzio_Clementi,Clementi,258,169,0.8624299861945421,0.1537848164357001,"Having studied piano with Rhiannon Gabrielson, Parri graduated with a GRNCM in 1984 from the Royal Northern College of Music in Manchester after studying under Marjorie Clementi.",1,2,== Early life ==
http://www.w3.org/2002/07/owl#Thing,http://dbpedia.org/resource/Lied,lieder,1424,41,0.9999999999988916,0.0,"Whilst at Manchester, she specialized in lieder, oratorio and opera, but her particular interest was in the Romantic composers.",2,2,== Early life ==
http://dbpedia.org/ontology/MusicGenre,http://dbpedia.org/resource/Lied,lieder,1424,41,0.9999999999988916,0.0,"Whilst at Manchester, she specialized in lieder, oratorio and opera, but her particular interest was in the Romantic composers.",2,2,== Early life ==
http://www.w3.org/2002/07/owl#Thing,http://dbpedia.org/resource/Oratorio,oratorio,2548,49,0.9999999999965326,0.0,"Whilst at Manchester, she specialized in lieder, oratorio and opera, but her particular interest was in the Romantic composers.",2,2,== Early life ==
http://dbpedia.org/ontology/MusicGenre,http://dbpedia.org/resource/Oratorio,oratorio,2548,49,0.9999999999965326,0.0,"Whilst at Manchester, she specialized in lieder, oratorio and opera, but her particular interest was in the Romantic composers.",2,2,== Early life ==
http://dbpedia.org/ontology/MusicalWork,http://dbpedia.org/resource/Oratorio,oratorio,2548,49,0.9999999999965326,0.0,"Whilst at Manchester, she specialized in lieder, oratorio and opera, but her particular interest was in the Romantic composers.",2,2,== Early life ==
http://www.w3.org/2002/07/owl#Thing,http://dbpedia.org/resource/Opera,opera,30560,62,0.9999939981057288,2.5521702760430437e-06,"Whilst at Manchester, she specialized in lieder, oratorio and opera, but her particular interest was in the Romantic composers.",2,2,== Early life ==
http://dbpedia.org/ontology/MusicGenre,http://dbpedia.org/resource/Opera,opera,30560,62,0.9999939981057288,2.5521702760430437e-06,"Whilst at Manchester, she specialized in lieder, oratorio and opera, but her particular interest was in the Romantic composers.",2,2,== Early life ==
http://www.w3.org/2002/07/owl#Thing,http://dbpedia.org/resource/Romantic_music,Romantic,1228,108,0.9939793152337776,0.0060122560074768,"Whilst at Manchester, she specialized in lieder, oratorio and opera, but her particular interest was in the Romantic composers.",2,2,== Early life ==
http://dbpedia.org/ontology/MusicGenre,http://dbpedia.org/resource/Romantic_music,Romantic,1228,108,0.9939793152337776,0.0060122560074768,"Whilst at Manchester, she specialized in lieder, oratorio and opera, but her particular interest was in the Romantic composers.",2,2,== Early life ==
http://dbpedia.org/class/yago/YagoLegalActor,http://dbpedia.org/resource/Romantic_music,Romantic,1228,108,0.9939793152337776,0.0060122560074768,"Whilst at Manchester, she specialized in lieder, oratorio and opera, but her particular interest was in the Romantic composers.",2,2,== Early life ==
http://dbpedia.org/class/yago/YagoLegalActorGeo,http://dbpedia.org/resource/Romantic_music,Romantic,1228,108,0.9939793152337776,0.0060122560074768,"Whilst at Manchester, she specialized in lieder, oratorio and opera, but her particular interest was in the Romantic composers.",2,2,== Early life ==
http://dbpedia.org/class/yago/WikicatRomanticComposers,http://dbpedia.org/resource/Romantic_music,Romantic,1228,108,0.9939793152337776,0.0060122560074768,"Whilst at Manchester, she specialized in lieder, oratorio and opera, but her particular interest was in the Romantic composers.",2,2,== Early life ==
http://dbpedia.org/class/yago/Artist109812338,http://dbpedia.org/resource/Romantic_music,Romantic,1228,108,0.9939793152337776,0.0060122560074768,"Whilst at Manchester, she specialized in lieder, oratorio and opera, but her particular interest was in the Romantic composers.",2,2,== Early life ==
http://dbpedia.org/class/yago/CausalAgent100007347,http://dbpedia.org/resource/Romantic_music,Romantic,1228,108,0.9939793152337776,0.0060122560074768,"Whilst at Manchester, she specialized in lieder, oratorio and opera, but her particular interest was in the Romantic composers.",2,2,== Early life ==
http://dbpedia.org/class/yago/Composer109947232,http://dbpedia.org/resource/Romantic_music,Romantic,1228,108,0.9939793152337776,0.0060122560074768,"Whilst at Manchester, she specialized in lieder, oratorio and opera, but her particular interest was in the Romantic composers.",2,2,== Early life ==
http://dbpedia.org/class/yago/Creator109614315,http://dbpedia.org/resource/Romantic_music,Romantic,1228,108,0.9939793152337776,0.0060122560074768,"Whilst at Manchester, she specialized in lieder, oratorio and opera, but her particular interest was in the Romantic composers.",2,2,== Early life ==
http://dbpedia.org/class/yago/LivingThing100004258,http://dbpedia.org/resource/Romantic_music,Romantic,1228,108,0.9939793152337776,0.0060122560074768,"Whilst at Manchester, she specialized in lieder, oratorio and opera, but her particular interest was in the Romantic composers.",2,2,== Early life ==
http://dbpedia.org/class/yago/Musician110339966,http://dbpedia.org/resource/Romantic_music,Romantic,1228,108,0.9939793152337776,0.0060122560074768,"Whilst at Manchester, she specialized in lieder, oratorio and opera, but her particular interest was in the Romantic composers.",2,2,== Early life ==
http://dbpedia.org/class/yago/Object100002684,http://dbpedia.org/resource/Romantic_music,Romantic,1228,108,0.9939793152337776,0.0060122560074768,"Whilst at Manchester, she specialized in lieder, oratorio and opera, but her particular interest was in the Romantic composers.",2,2,== Early life ==
http://dbpedia.org/class/yago/Organism100004475,http://dbpedia.org/resource/Romantic_music,Romantic,1228,108,0.9939793152337776,0.0060122560074768,"Whilst at Manchester, she specialized in lieder, oratorio and opera, but her particular interest was in the Romantic composers.",2,2,== Early life ==
http://dbpedia.org/class/yago/Person100007846,http://dbpedia.org/resource/Romantic_music,Romantic,1228,108,0.9939793152337776,0.0060122560074768,"Whilst at Manchester, she specialized in lieder, oratorio and opera, but her particular interest was in the Romantic composers.",2,2,== Early life ==
http://dbpedia.org/class/yago/PhysicalEntity100001930,http://dbpedia.org/resource/Romantic_music,Romantic,1228,108,0.9939793152337776,0.0060122560074768,"Whilst at Manchester, she specialized in lieder, oratorio and opera, but her particular interest was in the Romantic composers.",2,2,== Early life ==
http://dbpedia.org/class/yago/Whole100003553,http://dbpedia.org/resource/Romantic_music,Romantic,1228,108,0.9939793152337776,0.0060122560074768,"Whilst at Manchester, she specialized in lieder, oratorio and opera, but her particular interest was in the Romantic composers.",2,2,== Early life ==
http://www.w3.org/2002/07/owl#Thing,http://dbpedia.org/resource/Grace_Williams,Grace Williams,95,21,1.0,0.0,"In 1982, she won the Grace Williams Medal for composition at the Urdd Gobaith Cymru Eisteddfod at Pwllheli.",3,2,== Early life ==
http://dbpedia.org/ontology/Person,http://dbpedia.org/resource/Grace_Williams,Grace Williams,95,21,1.0,0.0,"In 1982, she won the Grace Williams Medal for composition at the Urdd Gobaith Cymru Eisteddfod at Pwllheli.",3,2,== Early life ==
http://dbpedia.org/class/yago/WikicatAlumniOfCardiffUniversity,http://dbpedia.org/resource/Grace_Williams,Grace Williams,95,21,1.0,0.0,"In 1982, she won the Grace Williams Medal for composition at the Urdd Gobaith Cymru Eisteddfod at Pwllheli.",3,2,== Early life ==
http://dbpedia.org/class/yago/WikicatAlumniOfTheRoyalCollegeOfMusic,http://dbpedia.org/resource/Grace_Williams,Grace Williams,95,21,1.0,0.0,"In 1982, she won the Grace Williams Medal for composition at the Urdd Gobaith Cymru Eisteddfod at Pwllheli.",3,2,== Early life ==
http://dbpedia.org/ontology/MusicalArtist,http://dbpedia.org/resource/Grace_Williams,Grace Williams,95,21,1.0,0.0,"In 1982, she won the Grace Williams Medal for composition at the Urdd Gobaith Cymru Eisteddfod at Pwllheli.",3,2,== Early life ==
http://dbpedia.org/class/yago/WikicatBritishComposers,http://dbpedia.org/resource/Grace_Williams,Grace Williams,95,21,1.0,0.0,"In 1982, she won the Grace Williams Medal for composition at the Urdd Gobaith Cymru Eisteddfod at Pwllheli.",3,2,== Early life ==
http://dbpedia.org/class/yago/WikicatWelshComposers,http://dbpedia.org/resource/Grace_Williams,Grace Williams,95,21,1.0,0.0,"In 1982, she won the Grace Williams Medal for composition at the Urdd Gobaith Cymru Eisteddfod at Pwllheli.",3,2,== Early life ==
http://dbpedia.org/class/yago/WikicatWomenComposers,http://dbpedia.org/resource/Grace_Williams,Grace Williams,95,21,1.0,0.0,"In 1982, she won the Grace Williams Medal for composition at the Urdd Gobaith Cymru Eisteddfod at Pwllheli.",3,2,== Early life ==
http://dbpedia.org/class/yago/YagoLegalActor,http://dbpedia.org/resource/Grace_Williams,Grace Williams,95,21,1.0,0.0,"In 1982, she won the Grace Williams Medal for composition at the Urdd Gobaith Cymru Eisteddfod at Pwllheli.",3,2,== Early life ==
http://dbpedia.org/class/yago/YagoLegalActorGeo,http://dbpedia.org/resource/Grace_Williams,Grace Williams,95,21,1.0,0.0,"In 1982, she won the Grace Williams Medal for composition at the Urdd Gobaith Cymru Eisteddfod at Pwllheli.",3,2,== Early life ==
http://dbpedia.org/class/yago/Alumnus109786338,http://dbpedia.org/resource/Grace_Williams,Grace Williams,95,21,1.0,0.0,"In 1982, she won the Grace Williams Medal for composition at the Urdd Gobaith Cymru Eisteddfod at Pwllheli.",3,2,== Early life ==
http://dbpedia.org/class/yago/Artist109812338,http://dbpedia.org/resource/Grace_Williams,Grace Williams,95,21,1.0,0.0,"In 1982, she won the Grace Williams Medal for composition at the Urdd Gobaith Cymru Eisteddfod at Pwllheli.",3,2,== Early life ==
http://dbpedia.org/class/yago/CausalAgent100007347,http://dbpedia.org/resource/Grace_Williams,Grace Williams,95,21,1.0,0.0,"In 1982, she won the Grace Williams Medal for composition at the Urdd Gobaith Cymru Eisteddfod at Pwllheli.",3,2,== Early life ==
http://dbpedia.org/class/yago/Composer109947232,http://dbpedia.org/resource/Grace_Williams,Grace Williams,95,21,1.0,0.0,"In 1982, she won the Grace Williams Medal for composition at the Urdd Gobaith Cymru Eisteddfod at Pwllheli.",3,2,== Early life ==
http://dbpedia.org/class/yago/Creator109614315,http://dbpedia.org/resource/Grace_Williams,Grace Williams,95,21,1.0,0.0,"In 1982, she won the Grace Williams Medal for composition at the Urdd Gobaith Cymru Eisteddfod at Pwllheli.",3,2,== Early life ==
http://dbpedia.org/class/yago/Intellectual109621545,http://dbpedia.org/resource/Grace_Williams,Grace Williams,95,21,1.0,0.0,"In 1982, she won the Grace Williams Medal for composition at the Urdd Gobaith Cymru Eisteddfod at Pwllheli.",3,2,== Early life ==
http://dbpedia.org/class/yago/LivingThing100004258,http://dbpedia.org/resource/Grace_Williams,Grace Williams,95,21,1.0,0.0,"In 1982, she won the Grace Williams Medal for composition at the Urdd Gobaith Cymru Eisteddfod at Pwllheli.",3,2,== Early life ==
http://dbpedia.org/class/yago/Musician110339966,http://dbpedia.org/resource/Grace_Williams,Grace Williams,95,21,1.0,0.0,"In 1982, she won the Grace Williams Medal for composition at the Urdd Gobaith Cymru Eisteddfod at Pwllheli.",3,2,== Early life ==
http://dbpedia.org/class/yago/Object100002684,http://dbpedia.org/resource/Grace_Williams,Grace Williams,95,21,1.0,0.0,"In 1982, she won the Grace Williams Medal for composition at the Urdd Gobaith Cymru Eisteddfod at Pwllheli.",3,2,== Early life ==
http://dbpedia.org/class/yago/Organism100004475,http://dbpedia.org/resource/Grace_Williams,Grace Williams,95,21,1.0,0.0,"In 1982, she won the Grace Williams Medal for composition at the Urdd Gobaith Cymru Eisteddfod at Pwllheli.",3,2,== Early life ==
http://dbpedia.org/class/yago/Person100007846,http://dbpedia.org/resource/Grace_Williams,Grace Williams,95,21,1.0,0.0,"In 1982, she won the Grace Williams Medal for composition at the Urdd Gobaith Cymru Eisteddfod at Pwllheli.",3,2,== Early life ==
http://dbpedia.org/class/yago/PhysicalEntity100001930,http://dbpedia.org/resource/Grace_Williams,Grace Williams,95,21,1.0,0.0,"In 1982, she won the Grace Williams Medal for composition at the Urdd Gobaith Cymru Eisteddfod at Pwllheli.",3,2,== Early life ==
http://dbpedia.org/class/yago/Scholar110557854,http://dbpedia.org/resource/Grace_Williams,Grace Williams,95,21,1.0,0.0,"In 1982, she won the Grace Williams Medal for composition at the Urdd Gobaith Cymru Eisteddfod at Pwllheli.",3,2,== Early life ==
http://dbpedia.org/class/yago/Whole100003553,http://dbpedia.org/resource/Grace_Williams,Grace Williams,95,21,1.0,0.0,"In 1982, she won the Grace Williams Medal for composition at the Urdd Gobaith Cymru Eisteddfod at Pwllheli.",3,2,== Early life ==
http://dbpedia.org/class/yago/Wikicat20th-centuryClassicalComposers,http://dbpedia.org/resource/Grace_Williams,Grace Williams,95,21,1.0,0.0,"In 1982, she won the Grace Williams Medal for composition at the Urdd Gobaith Cymru Eisteddfod at Pwllheli.",3,2,== Early life ==
http://dbpedia.org/class/yago/WikicatOperaComposers,http://dbpedia.org/resource/Grace_Williams,Grace Williams,95,21,1.0,0.0,"In 1982, she won the Grace Williams Medal for composition at the Urdd Gobaith Cymru Eisteddfod at Pwllheli.",3,2,== Early life ==
"http://dbpedia.org/class/yago/WikicatPeopleFromBarry,ValeOfGlamorgan",http://dbpedia.org/resource/Grace_Williams,Grace Williams,95,21,1.0,0.0,"In 1982, she won the Grace Williams Medal for composition at the Urdd Gobaith Cymru Eisteddfod at Pwllheli.",3,2,== Early life ==
http://www.w3.org/2002/07/owl#Thing,http://dbpedia.org/resource/Urdd_Gobaith_Cymru,Urdd Gobaith Cymru,108,65,1.0,0.0,"In 1982, she won the Grace Williams Medal for composition at the Urdd Gobaith Cymru Eisteddfod at Pwllheli.",3,2,== Early life ==
http://dbpedia.org/ontology/Organisation,http://dbpedia.org/resource/Urdd_Gobaith_Cymru,Urdd Gobaith Cymru,108,65,1.0,0.0,"In 1982, she won the Grace Williams Medal for composition at the Urdd Gobaith Cymru Eisteddfod at Pwllheli.",3,2,== Early life ==
http://dbpedia.org/class/yago/WikicatClubsAndSocietiesInWales,http://dbpedia.org/resource/Urdd_Gobaith_Cymru,Urdd Gobaith Cymru,108,65,1.0,0.0,"In 1982, she won the Grace Williams Medal for composition at the Urdd Gobaith Cymru Eisteddfod at Pwllheli.",3,2,== Early life ==
http://dbpedia.org/class/yago/WikicatYouthOrganisationsBasedInTheUnitedKingdom,http://dbpedia.org/resource/Urdd_Gobaith_Cymru,Urdd Gobaith Cymru,108,65,1.0,0.0,"In 1982, she won the Grace Williams Medal for composition at the Urdd Gobaith Cymru Eisteddfod at Pwllheli.",3,2,== Early life ==
http://dbpedia.org/class/yago/YagoLegalActor,http://dbpedia.org/resource/Urdd_Gobaith_Cymru,Urdd Gobaith Cymru,108,65,1.0,0.0,"In 1982, she won the Grace Williams Medal for composition at the Urdd Gobaith Cymru Eisteddfod at Pwllheli.",3,2,== Early life ==
http://dbpedia.org/class/yago/YagoLegalActorGeo,http://dbpedia.org/resource/Urdd_Gobaith_Cymru,Urdd Gobaith Cymru,108,65,1.0,0.0,"In 1982, she won the Grace Williams Medal for composition at the Urdd Gobaith Cymru Eisteddfod at Pwllheli.",3,2,== Early life ==
http://dbpedia.org/class/yago/YagoPermanentlyLocatedEntity,http://dbpedia.org/resource/Urdd_Gobaith_Cymru,Urdd Gobaith Cymru,108,65,1.0,0.0,"In 1982, she won the Grace Williams Medal for composition at the Urdd Gobaith Cymru Eisteddfod at Pwllheli.",3,2,== Early life ==
http://dbpedia.org/class/yago/Abstraction100002137,http://dbpedia.org/resource/Urdd_Gobaith_Cymru,Urdd Gobaith Cymru,108,65,1.0,0.0,"In 1982, she won the Grace Williams Medal for composition at the Urdd Gobaith Cymru Eisteddfod at Pwllheli.",3,2,== Early life ==
http://dbpedia.org/class/yago/Association108049401,http://dbpedia.org/resource/Urdd_Gobaith_Cymru,Urdd Gobaith Cymru,108,65,1.0,0.0,"In 1982, she won the Grace Williams Medal for composition at the Urdd Gobaith Cymru Eisteddfod at Pwllheli.",3,2,== Early life ==
http://dbpedia.org/class/yago/Club108227214,http://dbpedia.org/resource/Urdd_Gobaith_Cymru,Urdd Gobaith Cymru,108,65,1.0,0.0,"In 1982, she won the Grace Williams Medal for composition at the Urdd Gobaith Cymru Eisteddfod at Pwllheli.",3,2,== Early life ==
http://dbpedia.org/class/yago/Group100031264,http://dbpedia.org/resource/Urdd_Gobaith_Cymru,Urdd Gobaith Cymru,108,65,1.0,0.0,"In 1982, she won the Grace Williams Medal for composition at the Urdd Gobaith Cymru Eisteddfod at Pwllheli.",3,2,== Early life ==
http://dbpedia.org/class/yago/Organization108008335,http://dbpedia.org/resource/Urdd_Gobaith_Cymru,Urdd Gobaith Cymru,108,65,1.0,0.0,"In 1982, she won the Grace Williams Medal for composition at the Urdd Gobaith Cymru Eisteddfod at Pwllheli.",3,2,== Early life ==
http://dbpedia.org/class/yago/SocialGroup107950920,http://dbpedia.org/resource/Urdd_Gobaith_Cymru,Urdd Gobaith Cymru,108,65,1.0,0.0,"In 1982, she won the Grace Williams Medal for composition at the Urdd Gobaith Cymru Eisteddfod at Pwllheli.",3,2,== Early life ==
http://dbpedia.org/class/yago/WikicatOrganisationsBasedInGwynedd,http://dbpedia.org/resource/Urdd_Gobaith_Cymru,Urdd Gobaith Cymru,108,65,1.0,0.0,"In 1982, she won the Grace Williams Medal for composition at the Urdd Gobaith Cymru Eisteddfod at Pwllheli.",3,2,== Early life ==
http://dbpedia.org/ontology/SocietalEvent,http://dbpedia.org/resource/Eisteddfod,Eisteddfod,624,84,0.7629899610784546,0.3106332337407677,"In 1982, she won the Grace Williams Medal for composition at the Urdd Gobaith Cymru Eisteddfod at Pwllheli.",3,2,== Early life ==
http://www.w3.org/2002/07/owl#Thing,http://dbpedia.org/resource/Piano,piano,43878,124,0.9999975575053086,9.3178339753366e-07,"After leaving the Royal Northern College of Music, Parri joined the staff of the Music Department of Bangor University as a piano tutor.",0,4,== Career ==
http://dbpedia.org/ontology/Agent,http://dbpedia.org/resource/Piano,piano,43878,124,0.9999975575053086,9.3178339753366e-07,"After leaving the Royal Northern College of Music, Parri joined the staff of the Music Department of Bangor University as a piano tutor.",0,4,== Career ==
http://dbpedia.org/ontology/PersonFunction,http://dbpedia.org/resource/Piano,piano,43878,124,0.9999975575053086,9.3178339753366e-07,"After leaving the Royal Northern College of Music, Parri joined the staff of the Music Department of Bangor University as a piano tutor.",0,4,== Career ==
http://dbpedia.org/class/yago/YagoGeoEntity,http://dbpedia.org/resource/Piano,piano,43878,124,0.9999975575053086,9.3178339753366e-07,"After leaving the Royal Northern College of Music, Parri joined the staff of the Music Department of Bangor University as a piano tutor.",0,4,== Career ==
http://dbpedia.org/class/yago/YagoLegalActorGeo,http://dbpedia.org/resource/Piano,piano,43878,124,0.9999975575053086,9.3178339753366e-07,"After leaving the Royal Northern College of Music, Parri joined the staff of the Music Department of Bangor University as a piano tutor.",0,4,== Career ==
http://dbpedia.org/class/yago/YagoPermanentlyLocatedEntity,http://dbpedia.org/resource/Piano,piano,43878,124,0.9999975575053086,9.3178339753366e-07,"After leaving the Royal Northern College of Music, Parri joined the staff of the Music Department of Bangor University as a piano tutor.",0,4,== Career ==
http://dbpedia.org/class/yago/WikicatMusicVenuesInNewYorkCity,http://dbpedia.org/resource/Piano,piano,43878,124,0.9999975575053086,9.3178339753366e-07,"After leaving the Royal Northern College of Music, Parri joined the staff of the Music Department of Bangor University as a piano tutor.",0,4,== Career ==
http://dbpedia.org/class/yago/Area108497294,http://dbpedia.org/resource/Piano,piano,43878,124,0.9999975575053086,9.3178339753366e-07,"After leaving the Royal Northern College of Music, Parri joined the staff of the Music Department of Bangor University as a piano tutor.",0,4,== Career ==
http://dbpedia.org/class/yago/Artifact100021939,http://dbpedia.org/resource/Piano,piano,43878,124,0.9999975575053086,9.3178339753366e-07,"After leaving the Royal Northern College of Music, Parri joined the staff of the Music Department of Bangor University as a piano tutor.",0,4,== Career ==
http://dbpedia.org/class/yago/Cabaret102931417,http://dbpedia.org/resource/Piano,piano,43878,124,0.9999975575053086,9.3178339753366e-07,"After leaving the Royal Northern College of Music, Parri joined the staff of the Music Department of Bangor University as a piano tutor.",0,4,== Career ==
http://dbpedia.org/class/yago/Establishment103297735,http://dbpedia.org/resource/Piano,piano,43878,124,0.9999975575053086,9.3178339753366e-07,"After leaving the Royal Northern College of Music, Parri joined the staff of the Music Department of Bangor University as a piano tutor.",0,4,== Career ==
http://dbpedia.org/class/yago/Location100027167,http://dbpedia.org/resource/Piano,piano,43878,124,0.9999975575053086,9.3178339753366e-07,"After leaving the Royal Northern College of Music, Parri joined the staff of the Music Department of Bangor University as a piano tutor.",0,4,== Career ==
http://dbpedia.org/class/yago/Object100002684,http://dbpedia.org/resource/Piano,piano,43878,124,0.9999975575053086,9.3178339753366e-07,"After leaving the Royal Northern College of Music, Parri joined the staff of the Music Department of Bangor University as a piano tutor.",0,4,== Career ==
http://dbpedia.org/class/yago/PhysicalEntity100001930,http://dbpedia.org/resource/Piano,piano,43878,124,0.9999975575053086,9.3178339753366e-07,"After leaving the Royal Northern College of Music, Parri joined the staff of the Music Department of Bangor University as a piano tutor.",0,4,== Career ==
http://dbpedia.org/class/yago/PlaceOfBusiness103953020,http://dbpedia.org/resource/Piano,piano,43878,124,0.9999975575053086,9.3178339753366e-07,"After leaving the Royal Northern College of Music, Parri joined the staff of the Music Department of Bangor University as a piano tutor.",0,4,== Career ==
http://dbpedia.org/class/yago/Region108630985,http://dbpedia.org/resource/Piano,piano,43878,124,0.9999975575053086,9.3178339753366e-07,"After leaving the Royal Northern College of Music, Parri joined the staff of the Music Department of Bangor University as a piano tutor.",0,4,== Career ==
http://dbpedia.org/class/yago/Scene108645963,http://dbpedia.org/resource/Piano,piano,43878,124,0.9999975575053086,9.3178339753366e-07,"After leaving the Royal Northern College of Music, Parri joined the staff of the Music Department of Bangor University as a piano tutor.",0,4,== Career ==
http://dbpedia.org/class/yago/Spot104286128,http://dbpedia.org/resource/Piano,piano,43878,124,0.9999975575053086,9.3178339753366e-07,"After leaving the Royal Northern College of Music, Parri joined the staff of the Music Department of Bangor University as a piano tutor.",0,4,== Career ==
http://dbpedia.org/class/yago/Structure104341686,http://dbpedia.org/resource/Piano,piano,43878,124,0.9999975575053086,9.3178339753366e-07,"After leaving the Royal Northern College of Music, Parri joined the staff of the Music Department of Bangor University as a piano tutor.",0,4,== Career ==
http://dbpedia.org/class/yago/Venue108677628,http://dbpedia.org/resource/Piano,piano,43878,124,0.9999975575053086,9.3178339753366e-07,"After leaving the Royal Northern College of Music, Parri joined the staff of the Music Department of Bangor University as a piano tutor.",0,4,== Career ==
http://dbpedia.org/class/yago/Whole100003553,http://dbpedia.org/resource/Piano,piano,43878,124,0.9999975575053086,9.3178339753366e-07,"After leaving the Royal Northern College of Music, Parri joined the staff of the Music Department of Bangor University as a piano tutor.",0,4,== Career ==
http://dbpedia.org/class/yago/WikicatNightclubsInNewYorkCity,http://dbpedia.org/resource/Piano,piano,43878,124,0.9999975575053086,9.3178339753366e-07,"After leaving the Royal Northern College of Music, Parri joined the staff of the Music Department of Bangor University as a piano tutor.",0,4,== Career ==
http://www.w3.org/2002/07/owl#Thing,http://dbpedia.org/resource/Accompaniment,accompanist,926,25,0.9999996350046656,0.0,"Parri became an official accompanist at the age of fifteen and made her first appearance in 1983, at the National Eisteddfod in Llangefni.",1,4,== Career ==
http://dbpedia.org/ontology/Person,http://dbpedia.org/resource/Accompaniment,accompanist,926,25,0.9999996350046656,0.0,"Parri became an official accompanist at the age of fifteen and made her first appearance in 1983, at the National Eisteddfod in Llangefni.",1,4,== Career ==
http://dbpedia.org/ontology/PersonFunction,http://dbpedia.org/resource/Accompaniment,accompanist,926,25,0.9999996350046656,0.0,"Parri became an official accompanist at the age of fifteen and made her first appearance in 1983, at the National Eisteddfod in Llangefni.",1,4,== Career ==
http://dbpedia.org/ontology/SocietalEvent,http://dbpedia.org/resource/Eisteddfod,Eisteddfod,624,114,0.9795855043342704,0.0208399323748578,"Parri became an official accompanist at the age of fifteen and made her first appearance in 1983, at the National Eisteddfod in Llangefni.",1,4,== Career ==
http://dbpedia.org/ontology/Award,http://dbpedia.org/resource/Blue_Riband,Blue Riband,301,12,0.999946099628958,4.503261960550361e-05,She won the Blue Riband for instrumentalists at the Rhyl National Eisteddfod in 1985.,2,4,== Career ==
http://dbpedia.org/class/yago/WikicatBlueRibandHolders,http://dbpedia.org/resource/Blue_Riband,Blue Riband,301,12,0.999946099628958,4.503261960550361e-05,She won the Blue Riband for instrumentalists at the Rhyl National Eisteddfod in 1985.,2,4,== Career ==
http://dbpedia.org/class/yago/WikicatShips,http://dbpedia.org/resource/Blue_Riband,Blue Riband,301,12,0.999946099628958,4.503261960550361e-05,She won the Blue Riband for instrumentalists at the Rhyl National Eisteddfod in 1985.,2,4,== Career ==
http://dbpedia.org/class/yago/Artifact100021939,http://dbpedia.org/resource/Blue_Riband,Blue Riband,301,12,0.999946099628958,4.503261960550361e-05,She won the Blue Riband for instrumentalists at the Rhyl National Eisteddfod in 1985.,2,4,== Career ==
http://dbpedia.org/class/yago/Conveyance103100490,http://dbpedia.org/resource/Blue_Riband,Blue Riband,301,12,0.999946099628958,4.503261960550361e-05,She won the Blue Riband for instrumentalists at the Rhyl National Eisteddfod in 1985.,2,4,== Career ==
http://dbpedia.org/class/yago/Craft103125870,http://dbpedia.org/resource/Blue_Riband,Blue Riband,301,12,0.999946099628958,4.503261960550361e-05,She won the Blue Riband for instrumentalists at the Rhyl National Eisteddfod in 1985.,2,4,== Career ==
http://dbpedia.org/class/yago/Device103183080,http://dbpedia.org/resource/Blue_Riband,Blue Riband,301,12,0.999946099628958,4.503261960550361e-05,She won the Blue Riband for instrumentalists at the Rhyl National Eisteddfod in 1985.,2,4,== Career ==
http://dbpedia.org/class/yago/Holder103525454,http://dbpedia.org/resource/Blue_Riband,Blue Riband,301,12,0.999946099628958,4.503261960550361e-05,She won the Blue Riband for instrumentalists at the Rhyl National Eisteddfod in 1985.,2,4,== Career ==
http://dbpedia.org/class/yago/HoldingDevice103525827,http://dbpedia.org/resource/Blue_Riband,Blue Riband,301,12,0.999946099628958,4.503261960550361e-05,She won the Blue Riband for instrumentalists at the Rhyl National Eisteddfod in 1985.,2,4,== Career ==
http://dbpedia.org/class/yago/Instrumentality103575240,http://dbpedia.org/resource/Blue_Riband,Blue Riband,301,12,0.999946099628958,4.503261960550361e-05,She won the Blue Riband for instrumentalists at the Rhyl National Eisteddfod in 1985.,2,4,== Career ==
http://dbpedia.org/class/yago/Liner103673027,http://dbpedia.org/resource/Blue_Riband,Blue Riband,301,12,0.999946099628958,4.503261960550361e-05,She won the Blue Riband for instrumentalists at the Rhyl National Eisteddfod in 1985.,2,4,== Career ==
http://dbpedia.org/class/yago/Object100002684,http://dbpedia.org/resource/Blue_Riband,Blue Riband,301,12,0.999946099628958,4.503261960550361e-05,She won the Blue Riband for instrumentalists at the Rhyl National Eisteddfod in 1985.,2,4,== Career ==
http://dbpedia.org/class/yago/PassengerShip103896103,http://dbpedia.org/resource/Blue_Riband,Blue Riband,301,12,0.999946099628958,4.503261960550361e-05,She won the Blue Riband for instrumentalists at the Rhyl National Eisteddfod in 1985.,2,4,== Career ==
http://dbpedia.org/class/yago/PhysicalEntity100001930,http://dbpedia.org/resource/Blue_Riband,Blue Riband,301,12,0.999946099628958,4.503261960550361e-05,She won the Blue Riband for instrumentalists at the Rhyl National Eisteddfod in 1985.,2,4,== Career ==
http://dbpedia.org/class/yago/Ship104194289,http://dbpedia.org/resource/Blue_Riband,Blue Riband,301,12,0.999946099628958,4.503261960550361e-05,She won the Blue Riband for instrumentalists at the Rhyl National Eisteddfod in 1985.,2,4,== Career ==
http://dbpedia.org/class/yago/Vehicle104524313,http://dbpedia.org/resource/Blue_Riband,Blue Riband,301,12,0.999946099628958,4.503261960550361e-05,She won the Blue Riband for instrumentalists at the Rhyl National Eisteddfod in 1985.,2,4,== Career ==
http://dbpedia.org/class/yago/Vessel104530566,http://dbpedia.org/resource/Blue_Riband,Blue Riband,301,12,0.999946099628958,4.503261960550361e-05,She won the Blue Riband for instrumentalists at the Rhyl National Eisteddfod in 1985.,2,4,== Career ==
http://dbpedia.org/class/yago/Whole100003553,http://dbpedia.org/resource/Blue_Riband,Blue Riband,301,12,0.999946099628958,4.503261960550361e-05,She won the Blue Riband for instrumentalists at the Rhyl National Eisteddfod in 1985.,2,4,== Career ==
http://dbpedia.org/class/yago/WikicatOceanLiners,http://dbpedia.org/resource/Blue_Riband,Blue Riband,301,12,0.999946099628958,4.503261960550361e-05,She won the Blue Riband for instrumentalists at the Rhyl National Eisteddfod in 1985.,2,4,== Career ==
http://www.w3.org/2002/07/owl#Thing,http://dbpedia.org/resource/Leah,Leah,456,104,0.9975515420000552,0.0024502536320183,"She can be heard accompanying artists such as Bryn Terfel, Aled Jones, Eirian James, Gwyn Hughes-Jones, Leah Marian Jones and Rebecca Evans, and she has appeared on several S4C series, including Noson Lawen, Cân i Gymru and giving a Masterclass on Meistroli.",4,4,== Career ==
http://dbpedia.org/class/yago/WikicatHebrewBiblePeople,http://dbpedia.org/resource/Leah,Leah,456,104,0.9975515420000552,0.0024502536320183,"She can be heard accompanying artists such as Bryn Terfel, Aled Jones, Eirian James, Gwyn Hughes-Jones, Leah Marian Jones and Rebecca Evans, and she has appeared on several S4C series, including Noson Lawen, Cân i Gymru and giving a Masterclass on Meistroli.",4,4,== Career ==
http://dbpedia.org/class/yago/WikicatBiblicalMatriarchs,http://dbpedia.org/resource/Leah,Leah,456,104,0.9975515420000552,0.0024502536320183,"She can be heard accompanying artists such as Bryn Terfel, Aled Jones, Eirian James, Gwyn Hughes-Jones, Leah Marian Jones and Rebecca Evans, and she has appeared on several S4C series, including Noson Lawen, Cân i Gymru and giving a Masterclass on Meistroli.",4,4,== Career ==
http://dbpedia.org/class/yago/WikicatWomenInTheBible,http://dbpedia.org/resource/Leah,Leah,456,104,0.9975515420000552,0.0024502536320183,"She can be heard accompanying artists such as Bryn Terfel, Aled Jones, Eirian James, Gwyn Hughes-Jones, Leah Marian Jones and Rebecca Evans, and she has appeared on several S4C series, including Noson Lawen, Cân i Gymru and giving a Masterclass on Meistroli.",4,4,== Career ==
http://dbpedia.org/class/yago/Woman110787470,http://dbpedia.org/resource/Leah,Leah,456,104,0.9975515420000552,0.0024502536320183,"She can be heard accompanying artists such as Bryn Terfel, Aled Jones, Eirian James, Gwyn Hughes-Jones, Leah Marian Jones and Rebecca Evans, and she has appeared on several S4C series, including Noson Lawen, Cân i Gymru and giving a Masterclass on Meistroli.",4,4,== Career ==
http://dbpedia.org/class/yago/YagoLegalActor,http://dbpedia.org/resource/Leah,Leah,456,104,0.9975515420000552,0.0024502536320183,"She can be heard accompanying artists such as Bryn Terfel, Aled Jones, Eirian James, Gwyn Hughes-Jones, Leah Marian Jones and Rebecca Evans, and she has appeared on several S4C series, including Noson Lawen, Cân i Gymru and giving a Masterclass on Meistroli.",4,4,== Career ==
http://dbpedia.org/class/yago/YagoLegalActorGeo,http://dbpedia.org/resource/Leah,Leah,456,104,0.9975515420000552,0.0024502536320183,"She can be heard accompanying artists such as Bryn Terfel, Aled Jones, Eirian James, Gwyn Hughes-Jones, Leah Marian Jones and Rebecca Evans, and she has appeared on several S4C series, including Noson Lawen, Cân i Gymru and giving a Masterclass on Meistroli.",4,4,== Career ==
http://dbpedia.org/class/yago/Adult109605289,http://dbpedia.org/resource/Leah,Leah,456,104,0.9975515420000552,0.0024502536320183,"She can be heard accompanying artists such as Bryn Terfel, Aled Jones, Eirian James, Gwyn Hughes-Jones, Leah Marian Jones and Rebecca Evans, and she has appeared on several S4C series, including Noson Lawen, Cân i Gymru and giving a Masterclass on Meistroli.",4,4,== Career ==
http://dbpedia.org/class/yago/CausalAgent100007347,http://dbpedia.org/resource/Leah,Leah,456,104,0.9975515420000552,0.0024502536320183,"She can be heard accompanying artists such as Bryn Terfel, Aled Jones, Eirian James, Gwyn Hughes-Jones, Leah Marian Jones and Rebecca Evans, and she has appeared on several S4C series, including Noson Lawen, Cân i Gymru and giving a Masterclass on Meistroli.",4,4,== Career ==
http://dbpedia.org/class/yago/Female109619168,http://dbpedia.org/resource/Leah,Leah,456,104,0.9975515420000552,0.0024502536320183,"She can be heard accompanying artists such as Bryn Terfel, Aled Jones, Eirian James, Gwyn Hughes-Jones, Leah Marian Jones and Rebecca Evans, and she has appeared on several S4C series, including Noson Lawen, Cân i Gymru and giving a Masterclass on Meistroli.",4,4,== Career ==
http://dbpedia.org/class/yago/Head110162991,http://dbpedia.org/resource/Leah,Leah,456,104,0.9975515420000552,0.0024502536320183,"She can be heard accompanying artists such as Bryn Terfel, Aled Jones, Eirian James, Gwyn Hughes-Jones, Leah Marian Jones and Rebecca Evans, and she has appeared on several S4C series, including Noson Lawen, Cân i Gymru and giving a Masterclass on Meistroli.",4,4,== Career ==
http://dbpedia.org/class/yago/HeadOfHousehold110164605,http://dbpedia.org/resource/Leah,Leah,456,104,0.9975515420000552,0.0024502536320183,"She can be heard accompanying artists such as Bryn Terfel, Aled Jones, Eirian James, Gwyn Hughes-Jones, Leah Marian Jones and Rebecca Evans, and she has appeared on several S4C series, including Noson Lawen, Cân i Gymru and giving a Masterclass on Meistroli.",4,4,== Career ==
http://dbpedia.org/class/yago/Leader109623038,http://dbpedia.org/resource/Leah,Leah,456,104,0.9975515420000552,0.0024502536320183,"She can be heard accompanying artists such as Bryn Terfel, Aled Jones, Eirian James, Gwyn Hughes-Jones, Leah Marian Jones and Rebecca Evans, and she has appeared on several S4C series, including Noson Lawen, Cân i Gymru and giving a Masterclass on Meistroli.",4,4,== Career ==
http://dbpedia.org/class/yago/LivingThing100004258,http://dbpedia.org/resource/Leah,Leah,456,104,0.9975515420000552,0.0024502536320183,"She can be heard accompanying artists such as Bryn Terfel, Aled Jones, Eirian James, Gwyn Hughes-Jones, Leah Marian Jones and Rebecca Evans, and she has appeared on several S4C series, including Noson Lawen, Cân i Gymru and giving a Masterclass on Meistroli.",4,4,== Career ==
http://dbpedia.org/class/yago/Matriarch110302576,http://dbpedia.org/resource/Leah,Leah,456,104,0.9975515420000552,0.0024502536320183,"She can be heard accompanying artists such as Bryn Terfel, Aled Jones, Eirian James, Gwyn Hughes-Jones, Leah Marian Jones and Rebecca Evans, and she has appeared on several S4C series, including Noson Lawen, Cân i Gymru and giving a Masterclass on Meistroli.",4,4,== Career ==
http://dbpedia.org/class/yago/Object100002684,http://dbpedia.org/resource/Leah,Leah,456,104,0.9975515420000552,0.0024502536320183,"She can be heard accompanying artists such as Bryn Terfel, Aled Jones, Eirian James, Gwyn Hughes-Jones, Leah Marian Jones and Rebecca Evans, and she has appeared on several S4C series, including Noson Lawen, Cân i Gymru and giving a Masterclass on Meistroli.",4,4,== Career ==
http://dbpedia.org/class/yago/Organism100004475,http://dbpedia.org/resource/Leah,Leah,456,104,0.9975515420000552,0.0024502536320183,"She can be heard accompanying artists such as Bryn Terfel, Aled Jones, Eirian James, Gwyn Hughes-Jones, Leah Marian Jones and Rebecca Evans, and she has appeared on several S4C series, including Noson Lawen, Cân i Gymru and giving a Masterclass on Meistroli.",4,4,== Career ==
http://dbpedia.org/class/yago/Person100007846,http://dbpedia.org/resource/Leah,Leah,456,104,0.9975515420000552,0.0024502536320183,"She can be heard accompanying artists such as Bryn Terfel, Aled Jones, Eirian James, Gwyn Hughes-Jones, Leah Marian Jones and Rebecca Evans, and she has appeared on several S4C series, including Noson Lawen, Cân i Gymru and giving a Masterclass on Meistroli.",4,4,== Career ==
http://dbpedia.org/class/yago/PhysicalEntity100001930,http://dbpedia.org/resource/Leah,Leah,456,104,0.9975515420000552,0.0024502536320183,"She can be heard accompanying artists such as Bryn Terfel, Aled Jones, Eirian James, Gwyn Hughes-Jones, Leah Marian Jones and Rebecca Evans, and she has appeared on several S4C series, including Noson Lawen, Cân i Gymru and giving a Masterclass on Meistroli.",4,4,== Career ==
http://dbpedia.org/class/yago/Whole100003553,http://dbpedia.org/resource/Leah,Leah,456,104,0.9975515420000552,0.0024502536320183,"She can be heard accompanying artists such as Bryn Terfel, Aled Jones, Eirian James, Gwyn Hughes-Jones, Leah Marian Jones and Rebecca Evans, and she has appeared on several S4C series, including Noson Lawen, Cân i Gymru and giving a Masterclass on Meistroli.",4,4,== Career ==
http://dbpedia.org/class/yago/WikicatOldTestamentPeople,http://dbpedia.org/resource/Leah,Leah,456,104,0.9975515420000552,0.0024502536320183,"She can be heard accompanying artists such as Bryn Terfel, Aled Jones, Eirian James, Gwyn Hughes-Jones, Leah Marian Jones and Rebecca Evans, and she has appeared on several S4C series, including Noson Lawen, Cân i Gymru and giving a Masterclass on Meistroli.",4,4,== Career ==
http://www.w3.org/2002/07/owl#Thing,http://dbpedia.org/resource/Rebecca_Evans_(soprano),Rebecca Evans,31,126,0.8889913108263668,0.124869927159211,"She can be heard accompanying artists such as Bryn Terfel, Aled Jones, Eirian James, Gwyn Hughes-Jones, Leah Marian Jones and Rebecca Evans, and she has appeared on several S4C series, including Noson Lawen, Cân i Gymru and giving a Masterclass on Meistroli.",4,4,== Career ==
http://xmlns.com/foaf/0.1/Person,http://dbpedia.org/resource/Rebecca_Evans_(soprano),Rebecca Evans,31,126,0.8889913108263668,0.124869927159211,"She can be heard accompanying artists such as Bryn Terfel, Aled Jones, Eirian James, Gwyn Hughes-Jones, Leah Marian Jones and Rebecca Evans, and she has appeared on several S4C series, including Noson Lawen, Cân i Gymru and giving a Masterclass on Meistroli.",4,4,== Career ==
http://dbpedia.org/ontology/Person,http://dbpedia.org/resource/Rebecca_Evans_(soprano),Rebecca Evans,31,126,0.8889913108263668,0.124869927159211,"She can be heard accompanying artists such as Bryn Terfel, Aled Jones, Eirian James, Gwyn Hughes-Jones, Leah Marian Jones and Rebecca Evans, and she has appeared on several S4C series, including Noson Lawen, Cân i Gymru and giving a Masterclass on Meistroli.",4,4,== Career ==
http://schema.org/Person,http://dbpedia.org/resource/Rebecca_Evans_(soprano),Rebecca Evans,31,126,0.8889913108263668,0.124869927159211,"She can be heard accompanying artists such as Bryn Terfel, Aled Jones, Eirian James, Gwyn Hughes-Jones, Leah Marian Jones and Rebecca Evans, and she has appeared on several S4C series, including Noson Lawen, Cân i Gymru and giving a Masterclass on Meistroli.",4,4,== Career ==
http://dbpedia.org/ontology/Animal,http://dbpedia.org/resource/Rebecca_Evans_(soprano),Rebecca Evans,31,126,0.8889913108263668,0.124869927159211,"She can be heard accompanying artists such as Bryn Terfel, Aled Jones, Eirian James, Gwyn Hughes-Jones, Leah Marian Jones and Rebecca Evans, and she has appeared on several S4C series, including Noson Lawen, Cân i Gymru and giving a Masterclass on Meistroli.",4,4,== Career ==
http://dbpedia.org/ontology/Eukaryote,http://dbpedia.org/resource/Rebecca_Evans_(soprano),Rebecca Evans,31,126,0.8889913108263668,0.124869927159211,"She can be heard accompanying artists such as Bryn Terfel, Aled Jones, Eirian James, Gwyn Hughes-Jones, Leah Marian Jones and Rebecca Evans, and she has appeared on several S4C series, including Noson Lawen, Cân i Gymru and giving a Masterclass on Meistroli.",4,4,== Career ==
http://dbpedia.org/ontology/Species,http://dbpedia.org/resource/Rebecca_Evans_(soprano),Rebecca Evans,31,126,0.8889913108263668,0.124869927159211,"She can be heard accompanying artists such as Bryn Terfel, Aled Jones, Eirian James, Gwyn Hughes-Jones, Leah Marian Jones and Rebecca Evans, and she has appeared on several S4C series, including Noson Lawen, Cân i Gymru and giving a Masterclass on Meistroli.",4,4,== Career ==
http://www.ontologydesignpatterns.org/ont/dul/DUL.owl#NaturalPerson,http://dbpedia.org/resource/Rebecca_Evans_(soprano),Rebecca Evans,31,126,0.8889913108263668,0.124869927159211,"She can be heard accompanying artists such as Bryn Terfel, Aled Jones, Eirian James, Gwyn Hughes-Jones, Leah Marian Jones and Rebecca Evans, and she has appeared on several S4C series, including Noson Lawen, Cân i Gymru and giving a Masterclass on Meistroli.",4,4,== Career ==
http://www.wikidata.org/entity/Q19088,http://dbpedia.org/resource/Rebecca_Evans_(soprano),Rebecca Evans,31,126,0.8889913108263668,0.124869927159211,"She can be heard accompanying artists such as Bryn Terfel, Aled Jones, Eirian James, Gwyn Hughes-Jones, Leah Marian Jones and Rebecca Evans, and she has appeared on several S4C series, including Noson Lawen, Cân i Gymru and giving a Masterclass on Meistroli.",4,4,== Career ==
http://www.wikidata.org/entity/Q215627,http://dbpedia.org/resource/Rebecca_Evans_(soprano),Rebecca Evans,31,126,0.8889913108263668,0.124869927159211,"She can be heard accompanying artists such as Bryn Terfel, Aled Jones, Eirian James, Gwyn Hughes-Jones, Leah Marian Jones and Rebecca Evans, and she has appeared on several S4C series, including Noson Lawen, Cân i Gymru and giving a Masterclass on Meistroli.",4,4,== Career ==
http://www.wikidata.org/entity/Q5,http://dbpedia.org/resource/Rebecca_Evans_(soprano),Rebecca Evans,31,126,0.8889913108263668,0.124869927159211,"She can be heard accompanying artists such as Bryn Terfel, Aled Jones, Eirian James, Gwyn Hughes-Jones, Leah Marian Jones and Rebecca Evans, and she has appeared on several S4C series, including Noson Lawen, Cân i Gymru and giving a Masterclass on Meistroli.",4,4,== Career ==
http://www.wikidata.org/entity/Q729,http://dbpedia.org/resource/Rebecca_Evans_(soprano),Rebecca Evans,31,126,0.8889913108263668,0.124869927159211,"She can be heard accompanying artists such as Bryn Terfel, Aled Jones, Eirian James, Gwyn Hughes-Jones, Leah Marian Jones and Rebecca Evans, and she has appeared on several S4C series, including Noson Lawen, Cân i Gymru and giving a Masterclass on Meistroli.",4,4,== Career ==
http://www.w3.org/2002/07/owl#Thing,http://dbpedia.org/resource/Ysgol_Glanaethwy,Ysgol Glanaethwy,3,48,1.0,0.0,Since 1993 Parri has accompanied the choirs of  Ysgol Glanaethwy performing arts school in Bangor.,0,5,== Career ==
http://dbpedia.org/ontology/School,http://dbpedia.org/resource/Ysgol_Glanaethwy,Ysgol Glanaethwy,3,48,1.0,0.0,Since 1993 Parri has accompanied the choirs of  Ysgol Glanaethwy performing arts school in Bangor.,0,5,== Career ==
http://www.w3.org/2003/01/geo/wgs84_pos#SpatialThing,http://dbpedia.org/resource/Ysgol_Glanaethwy,Ysgol Glanaethwy,3,48,1.0,0.0,Since 1993 Parri has accompanied the choirs of  Ysgol Glanaethwy performing arts school in Bangor.,0,5,== Career ==
http://www.w3.org/2002/07/owl#Thing,http://dbpedia.org/resource/Performing_arts,performing arts,2427,65,0.9995225423587256,0.0004257914338602436,Since 1993 Parri has accompanied the choirs of  Ysgol Glanaethwy performing arts school in Bangor.,0,5,== Career ==
http://dbpedia.org/ontology/ChemicalCompound,http://dbpedia.org/resource/Performing_arts,performing arts,2427,65,0.9995225423587256,0.0004257914338602436,Since 1993 Parri has accompanied the choirs of  Ysgol Glanaethwy performing arts school in Bangor.,0,5,== Career ==
http://dbpedia.org/ontology/PersonFunction,http://dbpedia.org/resource/Performing_arts,performing arts,2427,65,0.9995225423587256,0.0004257914338602436,Since 1993 Parri has accompanied the choirs of  Ysgol Glanaethwy performing arts school in Bangor.,0,5,== Career ==
http://www.w3.org/2002/07/owl#Thing,http://dbpedia.org/resource/Discography,discography,1711,9,0.9996802308254612,0.0002300852845739253,Selected discography ==,1,6,== Selected discography ==
http://dbpedia.org/ontology/MusicGenre,http://dbpedia.org/resource/Discography,discography,1711,9,0.9996802308254612,0.0002300852845739253,Selected discography ==,1,6,== Selected discography ==
http://dbpedia.org/ontology/Book,http://dbpedia.org/resource/Discography,discography,1711,9,0.9996802308254612,0.0002300852845739253,Selected discography ==,1,6,== Selected discography ==
http://www.w3.org/2002/07/owl#Thing,http://dbpedia.org/resource/Meirion_Williams,Meirion Williams,3,8,0.9999999793337512,0.0,"Caneuon Meirion Williams – The Songs Of Meirion Williams (Sain, 1993)",0,7,== Selected discography ==
http://dbpedia.org/ontology/MusicalArtist,http://dbpedia.org/resource/Meirion_Williams,Meirion Williams,3,8,0.9999999793337512,0.0,"Caneuon Meirion Williams – The Songs Of Meirion Williams (Sain, 1993)",0,7,== Selected discography ==
http://dbpedia.org/ontology/Film,http://dbpedia.org/resource/Mondo_film,Mondo,160,3,0.877845445285626,0.0832033039436384,"Un Mondo A Parte (Sain, 2006)",0,8,== Selected discography ==
http://dbpedia.org/class/yago/YagoPermanentlyLocatedEntity,http://dbpedia.org/resource/Mondo_film,Mondo,160,3,0.877845445285626,0.0832033039436384,"Un Mondo A Parte (Sain, 2006)",0,8,== Selected discography ==
http://dbpedia.org/class/yago/WikicatMondoFilms,http://dbpedia.org/resource/Mondo_film,Mondo,160,3,0.877845445285626,0.0832033039436384,"Un Mondo A Parte (Sain, 2006)",0,8,== Selected discography ==
http://dbpedia.org/class/yago/Abstraction100002137,http://dbpedia.org/resource/Mondo_film,Mondo,160,3,0.877845445285626,0.0832033039436384,"Un Mondo A Parte (Sain, 2006)",0,8,== Selected discography ==
http://dbpedia.org/class/yago/Artifact100021939,http://dbpedia.org/resource/Mondo_film,Mondo,160,3,0.877845445285626,0.0832033039436384,"Un Mondo A Parte (Sain, 2006)",0,8,== Selected discography ==
http://dbpedia.org/class/yago/Creation103129123,http://dbpedia.org/resource/Mondo_film,Mondo,160,3,0.877845445285626,0.0832033039436384,"Un Mondo A Parte (Sain, 2006)",0,8,== Selected discography ==
http://dbpedia.org/class/yago/Event100029378,http://dbpedia.org/resource/Mondo_film,Mondo,160,3,0.877845445285626,0.0832033039436384,"Un Mondo A Parte (Sain, 2006)",0,8,== Selected discography ==
http://dbpedia.org/class/yago/Movie106613686,http://dbpedia.org/resource/Mondo_film,Mondo,160,3,0.877845445285626,0.0832033039436384,"Un Mondo A Parte (Sain, 2006)",0,8,== Selected discography ==
http://dbpedia.org/class/yago/Object100002684,http://dbpedia.org/resource/Mondo_film,Mondo,160,3,0.877845445285626,0.0832033039436384,"Un Mondo A Parte (Sain, 2006)",0,8,== Selected discography ==
http://dbpedia.org/class/yago/PhysicalEntity100001930,http://dbpedia.org/resource/Mondo_film,Mondo,160,3,0.877845445285626,0.0832033039436384,"Un Mondo A Parte (Sain, 2006)",0,8,== Selected discography ==
http://dbpedia.org/class/yago/Product104007894,http://dbpedia.org/resource/Mondo_film,Mondo,160,3,0.877845445285626,0.0832033039436384,"Un Mondo A Parte (Sain, 2006)",0,8,== Selected discography ==
http://dbpedia.org/class/yago/PsychologicalFeature100023100,http://dbpedia.org/resource/Mondo_film,Mondo,160,3,0.877845445285626,0.0832033039436384,"Un Mondo A Parte (Sain, 2006)",0,8,== Selected discography ==
http://dbpedia.org/class/yago/Show106619065,http://dbpedia.org/resource/Mondo_film,Mondo,160,3,0.877845445285626,0.0832033039436384,"Un Mondo A Parte (Sain, 2006)",0,8,== Selected discography ==
http://dbpedia.org/class/yago/SocialEvent107288639,http://dbpedia.org/resource/Mondo_film,Mondo,160,3,0.877845445285626,0.0832033039436384,"Un Mondo A Parte (Sain, 2006)",0,8,== Selected discography ==
http://dbpedia.org/class/yago/Whole100003553,http://dbpedia.org/resource/Mondo_film,Mondo,160,3,0.877845445285626,0.0832033039436384,"Un Mondo A Parte (Sain, 2006)",0,8,== Selected discography ==
http://dbpedia.org/class/yago/WikicatExploitationFilms,http://dbpedia.org/resource/Mondo_film,Mondo,160,3,0.877845445285626,0.0832033039436384,"Un Mondo A Parte (Sain, 2006)",0,8,== Selected discography ==
http://www.w3.org/2002/07/owl#Thing,http://dbpedia.org/resource/Annette_Bryn_Parri,Annette Bryn Parri,6,13,1.0,0.0,Biography of Annette Bryn Parri,0,12,== External links ==
http://dbpedia.org/ontology/Person,http://dbpedia.org/resource/Annette_Bryn_Parri,Annette Bryn Parri,6,13,1.0,0.0,Biography of Annette Bryn Parri,0,12,== External links ==
http://dbpedia.org/class/yago/WikicatAcademicsOfTheUniversityOfWales,http://dbpedia.org/resource/Annette_Bryn_Parri,Annette Bryn Parri,6,13,1.0,0.0,Biography of Annette Bryn Parri,0,12,== External links ==
http://dbpedia.org/class/yago/WikicatAlumniOfTheRoyalNorthernCollegeOfMusic,http://dbpedia.org/resource/Annette_Bryn_Parri,Annette Bryn Parri,6,13,1.0,0.0,Biography of Annette Bryn Parri,0,12,== External links ==
http://dbpedia.org/class/yago/WikicatWelshClassicalPianists,http://dbpedia.org/resource/Annette_Bryn_Parri,Annette Bryn Parri,6,13,1.0,0.0,Biography of Annette Bryn Parri,0,12,== External links ==
http://dbpedia.org/class/yago/YagoLegalActor,http://dbpedia.org/resource/Annette_Bryn_Parri,Annette Bryn Parri,6,13,1.0,0.0,Biography of Annette Bryn Parri,0,12,== External links ==
http://dbpedia.org/class/yago/YagoLegalActorGeo,http://dbpedia.org/resource/Annette_Bryn_Parri,Annette Bryn Parri,6,13,1.0,0.0,Biography of Annette Bryn Parri,0,12,== External links ==
http://dbpedia.org/class/yago/WikicatLivingPeople,http://dbpedia.org/resource/Annette_Bryn_Parri,Annette Bryn Parri,6,13,1.0,0.0,Biography of Annette Bryn Parri,0,12,== External links ==
http://dbpedia.org/class/yago/Academician109759069,http://dbpedia.org/resource/Annette_Bryn_Parri,Annette Bryn Parri,6,13,1.0,0.0,Biography of Annette Bryn Parri,0,12,== External links ==
http://dbpedia.org/class/yago/Adult109605289,http://dbpedia.org/resource/Annette_Bryn_Parri,Annette Bryn Parri,6,13,1.0,0.0,Biography of Annette Bryn Parri,0,12,== External links ==
http://dbpedia.org/class/yago/Alumnus109786338,http://dbpedia.org/resource/Annette_Bryn_Parri,Annette Bryn Parri,6,13,1.0,0.0,Biography of Annette Bryn Parri,0,12,== External links ==
http://dbpedia.org/class/yago/Artist109812338,http://dbpedia.org/resource/Annette_Bryn_Parri,Annette Bryn Parri,6,13,1.0,0.0,Biography of Annette Bryn Parri,0,12,== External links ==
http://dbpedia.org/class/yago/CausalAgent100007347,http://dbpedia.org/resource/Annette_Bryn_Parri,Annette Bryn Parri,6,13,1.0,0.0,Biography of Annette Bryn Parri,0,12,== External links ==
http://dbpedia.org/class/yago/Creator109614315,http://dbpedia.org/resource/Annette_Bryn_Parri,Annette Bryn Parri,6,13,1.0,0.0,Biography of Annette Bryn Parri,0,12,== External links ==
http://dbpedia.org/class/yago/Educator110045713,http://dbpedia.org/resource/Annette_Bryn_Parri,Annette Bryn Parri,6,13,1.0,0.0,Biography of Annette Bryn Parri,0,12,== External links ==
http://dbpedia.org/class/yago/Entertainer109616922,http://dbpedia.org/resource/Annette_Bryn_Parri,Annette Bryn Parri,6,13,1.0,0.0,Biography of Annette Bryn Parri,0,12,== External links ==
http://dbpedia.org/class/yago/Intellectual109621545,http://dbpedia.org/resource/Annette_Bryn_Parri,Annette Bryn Parri,6,13,1.0,0.0,Biography of Annette Bryn Parri,0,12,== External links ==
http://dbpedia.org/class/yago/LivingThing100004258,http://dbpedia.org/resource/Annette_Bryn_Parri,Annette Bryn Parri,6,13,1.0,0.0,Biography of Annette Bryn Parri,0,12,== External links ==
http://dbpedia.org/class/yago/Musician110339966,http://dbpedia.org/resource/Annette_Bryn_Parri,Annette Bryn Parri,6,13,1.0,0.0,Biography of Annette Bryn Parri,0,12,== External links ==
http://dbpedia.org/class/yago/Musician110340312,http://dbpedia.org/resource/Annette_Bryn_Parri,Annette Bryn Parri,6,13,1.0,0.0,Biography of Annette Bryn Parri,0,12,== External links ==
http://dbpedia.org/class/yago/Object100002684,http://dbpedia.org/resource/Annette_Bryn_Parri,Annette Bryn Parri,6,13,1.0,0.0,Biography of Annette Bryn Parri,0,12,== External links ==
http://dbpedia.org/class/yago/Organism100004475,http://dbpedia.org/resource/Annette_Bryn_Parri,Annette Bryn Parri,6,13,1.0,0.0,Biography of Annette Bryn Parri,0,12,== External links ==
http://dbpedia.org/class/yago/Performer110415638,http://dbpedia.org/resource/Annette_Bryn_Parri,Annette Bryn Parri,6,13,1.0,0.0,Biography of Annette Bryn Parri,0,12,== External links ==
http://dbpedia.org/class/yago/Person100007846,http://dbpedia.org/resource/Annette_Bryn_Parri,Annette Bryn Parri,6,13,1.0,0.0,Biography of Annette Bryn Parri,0,12,== External links ==
http://dbpedia.org/class/yago/PhysicalEntity100001930,http://dbpedia.org/resource/Annette_Bryn_Parri,Annette Bryn Parri,6,13,1.0,0.0,Biography of Annette Bryn Parri,0,12,== External links ==
http://dbpedia.org/class/yago/Pianist110430665,http://dbpedia.org/resource/Annette_Bryn_Parri,Annette Bryn Parri,6,13,1.0,0.0,Biography of Annette Bryn Parri,0,12,== External links ==
http://dbpedia.org/class/yago/Professional110480253,http://dbpedia.org/resource/Annette_Bryn_Parri,Annette Bryn Parri,6,13,1.0,0.0,Biography of Annette Bryn Parri,0,12,== External links ==
http://dbpedia.org/class/yago/Scholar110557854,http://dbpedia.org/resource/Annette_Bryn_Parri,Annette Bryn Parri,6,13,1.0,0.0,Biography of Annette Bryn Parri,0,12,== External links ==
http://dbpedia.org/class/yago/Whole100003553,http://dbpedia.org/resource/Annette_Bryn_Parri,Annette Bryn Parri,6,13,1.0,0.0,Biography of Annette Bryn Parri,0,12,== External links ==
http://dbpedia.org/class/yago/WikicatPeopleFromGwynedd,http://dbpedia.org/resource/Annette_Bryn_Parri,Annette Bryn Parri,6,13,1.0,0.0,Biography of Annette Bryn Parri,0,12,== External links ==
