types,URI,entity,support,offset,similarityScore,percentageOfSecondRank,sentence,sentenceIndex,paragraphIndex,section
http://www.w3.org/2002/07/owl#Thing,http://dbpedia.org/resource/Classical_music,classical,9694,96,0.9986551424582064,0.0007183738012225586,Ustad Amir Khan (pronounced [əˈmiːr xaːn]) (15 Aug 1912 – 13 February 1974) was an Indian classical vocalist.,0,0,
http://dbpedia.org/ontology/MusicGenre,http://dbpedia.org/resource/Classical_music,classical,9694,96,0.9986551424582064,0.0007183738012225586,Ustad Amir Khan (pronounced [əˈmiːr xaːn]) (15 Aug 1912 – 13 February 1974) was an Indian classical vocalist.,0,0,
http://dbpedia.org/ontology/Agent,http://dbpedia.org/resource/Classical_music,classical,9694,96,0.9986551424582064,0.0007183738012225586,Ustad Amir Khan (pronounced [əˈmiːr xaːn]) (15 Aug 1912 – 13 February 1974) was an Indian classical vocalist.,0,0,
http://www.w3.org/2002/07/owl#Thing,http://dbpedia.org/resource/Khan_(title),Khan,4166,20,0.4464371662690077,0.5790401489711182,"His father, Shahmir Khan, a sarangi and veena player of the Bhendibazaar gharana, served at the court of the Holkars of Indore.",1,2,== Early life and background ==
http://dbpedia.org/class/yago/WikicatHeadsOfState,http://dbpedia.org/resource/Khan_(title),Khan,4166,20,0.4464371662690077,0.5790401489711182,"His father, Shahmir Khan, a sarangi and veena player of the Bhendibazaar gharana, served at the court of the Holkars of Indore.",1,2,== Early life and background ==
http://dbpedia.org/class/yago/WikicatKhans,http://dbpedia.org/resource/Khan_(title),Khan,4166,20,0.4464371662690077,0.5790401489711182,"His father, Shahmir Khan, a sarangi and veena player of the Bhendibazaar gharana, served at the court of the Holkars of Indore.",1,2,== Early life and background ==
http://dbpedia.org/class/yago/WikicatKings,http://dbpedia.org/resource/Khan_(title),Khan,4166,20,0.4464371662690077,0.5790401489711182,"His father, Shahmir Khan, a sarangi and veena player of the Bhendibazaar gharana, served at the court of the Holkars of Indore.",1,2,== Early life and background ==
http://dbpedia.org/ontology/PersonFunction,http://dbpedia.org/resource/Khan_(title),Khan,4166,20,0.4464371662690077,0.5790401489711182,"His father, Shahmir Khan, a sarangi and veena player of the Bhendibazaar gharana, served at the court of the Holkars of Indore.",1,2,== Early life and background ==
http://dbpedia.org/class/yago/YagoLegalActor,http://dbpedia.org/resource/Khan_(title),Khan,4166,20,0.4464371662690077,0.5790401489711182,"His father, Shahmir Khan, a sarangi and veena player of the Bhendibazaar gharana, served at the court of the Holkars of Indore.",1,2,== Early life and background ==
http://dbpedia.org/class/yago/YagoLegalActorGeo,http://dbpedia.org/resource/Khan_(title),Khan,4166,20,0.4464371662690077,0.5790401489711182,"His father, Shahmir Khan, a sarangi and veena player of the Bhendibazaar gharana, served at the court of the Holkars of Indore.",1,2,== Early life and background ==
http://dbpedia.org/class/yago/CausalAgent100007347,http://dbpedia.org/resource/Khan_(title),Khan,4166,20,0.4464371662690077,0.5790401489711182,"His father, Shahmir Khan, a sarangi and veena player of the Bhendibazaar gharana, served at the court of the Holkars of Indore.",1,2,== Early life and background ==
http://dbpedia.org/class/yago/Communicator109610660,http://dbpedia.org/resource/Khan_(title),Khan,4166,20,0.4464371662690077,0.5790401489711182,"His father, Shahmir Khan, a sarangi and veena player of the Bhendibazaar gharana, served at the court of the Holkars of Indore.",1,2,== Early life and background ==
http://dbpedia.org/class/yago/HeadOfState110164747,http://dbpedia.org/resource/Khan_(title),Khan,4166,20,0.4464371662690077,0.5790401489711182,"His father, Shahmir Khan, a sarangi and veena player of the Bhendibazaar gharana, served at the court of the Holkars of Indore.",1,2,== Early life and background ==
http://dbpedia.org/class/yago/Khan110230097,http://dbpedia.org/resource/Khan_(title),Khan,4166,20,0.4464371662690077,0.5790401489711182,"His father, Shahmir Khan, a sarangi and veena player of the Bhendibazaar gharana, served at the court of the Holkars of Indore.",1,2,== Early life and background ==
http://dbpedia.org/class/yago/King110231515,http://dbpedia.org/resource/Khan_(title),Khan,4166,20,0.4464371662690077,0.5790401489711182,"His father, Shahmir Khan, a sarangi and veena player of the Bhendibazaar gharana, served at the court of the Holkars of Indore.",1,2,== Early life and background ==
http://dbpedia.org/class/yago/LivingThing100004258,http://dbpedia.org/resource/Khan_(title),Khan,4166,20,0.4464371662690077,0.5790401489711182,"His father, Shahmir Khan, a sarangi and veena player of the Bhendibazaar gharana, served at the court of the Holkars of Indore.",1,2,== Early life and background ==
http://dbpedia.org/class/yago/Negotiator110351874,http://dbpedia.org/resource/Khan_(title),Khan,4166,20,0.4464371662690077,0.5790401489711182,"His father, Shahmir Khan, a sarangi and veena player of the Bhendibazaar gharana, served at the court of the Holkars of Indore.",1,2,== Early life and background ==
http://dbpedia.org/class/yago/Object100002684,http://dbpedia.org/resource/Khan_(title),Khan,4166,20,0.4464371662690077,0.5790401489711182,"His father, Shahmir Khan, a sarangi and veena player of the Bhendibazaar gharana, served at the court of the Holkars of Indore.",1,2,== Early life and background ==
http://dbpedia.org/class/yago/Organism100004475,http://dbpedia.org/resource/Khan_(title),Khan,4166,20,0.4464371662690077,0.5790401489711182,"His father, Shahmir Khan, a sarangi and veena player of the Bhendibazaar gharana, served at the court of the Holkars of Indore.",1,2,== Early life and background ==
http://dbpedia.org/class/yago/Person100007846,http://dbpedia.org/resource/Khan_(title),Khan,4166,20,0.4464371662690077,0.5790401489711182,"His father, Shahmir Khan, a sarangi and veena player of the Bhendibazaar gharana, served at the court of the Holkars of Indore.",1,2,== Early life and background ==
http://dbpedia.org/class/yago/PhysicalEntity100001930,http://dbpedia.org/resource/Khan_(title),Khan,4166,20,0.4464371662690077,0.5790401489711182,"His father, Shahmir Khan, a sarangi and veena player of the Bhendibazaar gharana, served at the court of the Holkars of Indore.",1,2,== Early life and background ==
http://dbpedia.org/class/yago/Representative110522035,http://dbpedia.org/resource/Khan_(title),Khan,4166,20,0.4464371662690077,0.5790401489711182,"His father, Shahmir Khan, a sarangi and veena player of the Bhendibazaar gharana, served at the court of the Holkars of Indore.",1,2,== Early life and background ==
http://dbpedia.org/class/yago/Ruler110541229,http://dbpedia.org/resource/Khan_(title),Khan,4166,20,0.4464371662690077,0.5790401489711182,"His father, Shahmir Khan, a sarangi and veena player of the Bhendibazaar gharana, served at the court of the Holkars of Indore.",1,2,== Early life and background ==
http://dbpedia.org/class/yago/Sovereign110628644,http://dbpedia.org/resource/Khan_(title),Khan,4166,20,0.4464371662690077,0.5790401489711182,"His father, Shahmir Khan, a sarangi and veena player of the Bhendibazaar gharana, served at the court of the Holkars of Indore.",1,2,== Early life and background ==
http://dbpedia.org/class/yago/Whole100003553,http://dbpedia.org/resource/Khan_(title),Khan,4166,20,0.4464371662690077,0.5790401489711182,"His father, Shahmir Khan, a sarangi and veena player of the Bhendibazaar gharana, served at the court of the Holkars of Indore.",1,2,== Early life and background ==
http://www.w3.org/2002/07/owl#Thing,http://dbpedia.org/resource/Sarangi,sarangi,467,28,1.0,0.0,"His father, Shahmir Khan, a sarangi and veena player of the Bhendibazaar gharana, served at the court of the Holkars of Indore.",1,2,== Early life and background ==
http://dbpedia.org/class/yago/WikicatBangladeshiMusicalInstruments,http://dbpedia.org/resource/Sarangi,sarangi,467,28,1.0,0.0,"His father, Shahmir Khan, a sarangi and veena player of the Bhendibazaar gharana, served at the court of the Holkars of Indore.",1,2,== Early life and background ==
http://dbpedia.org/ontology/MusicGenre,http://dbpedia.org/resource/Sarangi,sarangi,467,28,1.0,0.0,"His father, Shahmir Khan, a sarangi and veena player of the Bhendibazaar gharana, served at the court of the Holkars of Indore.",1,2,== Early life and background ==
http://dbpedia.org/class/yago/WikicatHindustaniMusicalInstruments,http://dbpedia.org/resource/Sarangi,sarangi,467,28,1.0,0.0,"His father, Shahmir Khan, a sarangi and veena player of the Bhendibazaar gharana, served at the court of the Holkars of Indore.",1,2,== Early life and background ==
http://dbpedia.org/class/yago/WikicatIndianMusicalInstruments,http://dbpedia.org/resource/Sarangi,sarangi,467,28,1.0,0.0,"His father, Shahmir Khan, a sarangi and veena player of the Bhendibazaar gharana, served at the court of the Holkars of Indore.",1,2,== Early life and background ==
http://dbpedia.org/class/yago/WikicatBowedInstruments,http://dbpedia.org/resource/Sarangi,sarangi,467,28,1.0,0.0,"His father, Shahmir Khan, a sarangi and veena player of the Bhendibazaar gharana, served at the court of the Holkars of Indore.",1,2,== Early life and background ==
http://dbpedia.org/class/yago/WikicatChordophones,http://dbpedia.org/resource/Sarangi,sarangi,467,28,1.0,0.0,"His father, Shahmir Khan, a sarangi and veena player of the Bhendibazaar gharana, served at the court of the Holkars of Indore.",1,2,== Early life and background ==
http://dbpedia.org/class/yago/Artifact100021939,http://dbpedia.org/resource/Sarangi,sarangi,467,28,1.0,0.0,"His father, Shahmir Khan, a sarangi and veena player of the Bhendibazaar gharana, served at the court of the Holkars of Indore.",1,2,== Early life and background ==
http://dbpedia.org/class/yago/Chordophone103025886,http://dbpedia.org/resource/Sarangi,sarangi,467,28,1.0,0.0,"His father, Shahmir Khan, a sarangi and veena player of the Bhendibazaar gharana, served at the court of the Holkars of Indore.",1,2,== Early life and background ==
http://dbpedia.org/class/yago/Device103183080,http://dbpedia.org/resource/Sarangi,sarangi,467,28,1.0,0.0,"His father, Shahmir Khan, a sarangi and veena player of the Bhendibazaar gharana, served at the court of the Holkars of Indore.",1,2,== Early life and background ==
http://dbpedia.org/class/yago/Instrument103574816,http://dbpedia.org/resource/Sarangi,sarangi,467,28,1.0,0.0,"His father, Shahmir Khan, a sarangi and veena player of the Bhendibazaar gharana, served at the court of the Holkars of Indore.",1,2,== Early life and background ==
http://dbpedia.org/class/yago/Instrumentality103575240,http://dbpedia.org/resource/Sarangi,sarangi,467,28,1.0,0.0,"His father, Shahmir Khan, a sarangi and veena player of the Bhendibazaar gharana, served at the court of the Holkars of Indore.",1,2,== Early life and background ==
http://dbpedia.org/class/yago/MusicalInstrument103800933,http://dbpedia.org/resource/Sarangi,sarangi,467,28,1.0,0.0,"His father, Shahmir Khan, a sarangi and veena player of the Bhendibazaar gharana, served at the court of the Holkars of Indore.",1,2,== Early life and background ==
http://dbpedia.org/class/yago/Object100002684,http://dbpedia.org/resource/Sarangi,sarangi,467,28,1.0,0.0,"His father, Shahmir Khan, a sarangi and veena player of the Bhendibazaar gharana, served at the court of the Holkars of Indore.",1,2,== Early life and background ==
http://dbpedia.org/class/yago/PhysicalEntity100001930,http://dbpedia.org/resource/Sarangi,sarangi,467,28,1.0,0.0,"His father, Shahmir Khan, a sarangi and veena player of the Bhendibazaar gharana, served at the court of the Holkars of Indore.",1,2,== Early life and background ==
http://dbpedia.org/class/yago/StringedInstrument104338517,http://dbpedia.org/resource/Sarangi,sarangi,467,28,1.0,0.0,"His father, Shahmir Khan, a sarangi and veena player of the Bhendibazaar gharana, served at the court of the Holkars of Indore.",1,2,== Early life and background ==
http://dbpedia.org/class/yago/Whole100003553,http://dbpedia.org/resource/Sarangi,sarangi,467,28,1.0,0.0,"His father, Shahmir Khan, a sarangi and veena player of the Bhendibazaar gharana, served at the court of the Holkars of Indore.",1,2,== Early life and background ==
http://dbpedia.org/class/yago/WikicatNepaleseMusicalInstruments,http://dbpedia.org/resource/Sarangi,sarangi,467,28,1.0,0.0,"His father, Shahmir Khan, a sarangi and veena player of the Bhendibazaar gharana, served at the court of the Holkars of Indore.",1,2,== Early life and background ==
http://dbpedia.org/class/yago/WikicatPakistaniMusicalInstruments,http://dbpedia.org/resource/Sarangi,sarangi,467,28,1.0,0.0,"His father, Shahmir Khan, a sarangi and veena player of the Bhendibazaar gharana, served at the court of the Holkars of Indore.",1,2,== Early life and background ==
http://dbpedia.org/class/yago/WikicatStringInstruments,http://dbpedia.org/resource/Sarangi,sarangi,467,28,1.0,0.0,"His father, Shahmir Khan, a sarangi and veena player of the Bhendibazaar gharana, served at the court of the Holkars of Indore.",1,2,== Early life and background ==
http://dbpedia.org/class/yago/WikicatStringInstrumentsWithSympatheticStrings,http://dbpedia.org/resource/Sarangi,sarangi,467,28,1.0,0.0,"His father, Shahmir Khan, a sarangi and veena player of the Bhendibazaar gharana, served at the court of the Holkars of Indore.",1,2,== Early life and background ==
http://www.w3.org/2002/07/owl#Thing,http://dbpedia.org/resource/Veena,veena,700,40,0.9793759783091984,0.0210583289885292,"His father, Shahmir Khan, a sarangi and veena player of the Bhendibazaar gharana, served at the court of the Holkars of Indore.",1,2,== Early life and background ==
http://dbpedia.org/ontology/Agent,http://dbpedia.org/resource/Veena,veena,700,40,0.9793759783091984,0.0210583289885292,"His father, Shahmir Khan, a sarangi and veena player of the Bhendibazaar gharana, served at the court of the Holkars of Indore.",1,2,== Early life and background ==
http://dbpedia.org/class/yago/WikicatHindustaniMusicalInstruments,http://dbpedia.org/resource/Veena,veena,700,40,0.9793759783091984,0.0210583289885292,"His father, Shahmir Khan, a sarangi and veena player of the Bhendibazaar gharana, served at the court of the Holkars of Indore.",1,2,== Early life and background ==
http://dbpedia.org/class/yago/WikicatIndianMusicalInstruments,http://dbpedia.org/resource/Veena,veena,700,40,0.9793759783091984,0.0210583289885292,"His father, Shahmir Khan, a sarangi and veena player of the Bhendibazaar gharana, served at the court of the Holkars of Indore.",1,2,== Early life and background ==
http://dbpedia.org/ontology/PersonFunction,http://dbpedia.org/resource/Veena,veena,700,40,0.9793759783091984,0.0210583289885292,"His father, Shahmir Khan, a sarangi and veena player of the Bhendibazaar gharana, served at the court of the Holkars of Indore.",1,2,== Early life and background ==
http://dbpedia.org/class/yago/WikicatChordophones,http://dbpedia.org/resource/Veena,veena,700,40,0.9793759783091984,0.0210583289885292,"His father, Shahmir Khan, a sarangi and veena player of the Bhendibazaar gharana, served at the court of the Holkars of Indore.",1,2,== Early life and background ==
http://dbpedia.org/class/yago/Artifact100021939,http://dbpedia.org/resource/Veena,veena,700,40,0.9793759783091984,0.0210583289885292,"His father, Shahmir Khan, a sarangi and veena player of the Bhendibazaar gharana, served at the court of the Holkars of Indore.",1,2,== Early life and background ==
http://dbpedia.org/class/yago/Chordophone103025886,http://dbpedia.org/resource/Veena,veena,700,40,0.9793759783091984,0.0210583289885292,"His father, Shahmir Khan, a sarangi and veena player of the Bhendibazaar gharana, served at the court of the Holkars of Indore.",1,2,== Early life and background ==
http://dbpedia.org/class/yago/Device103183080,http://dbpedia.org/resource/Veena,veena,700,40,0.9793759783091984,0.0210583289885292,"His father, Shahmir Khan, a sarangi and veena player of the Bhendibazaar gharana, served at the court of the Holkars of Indore.",1,2,== Early life and background ==
http://dbpedia.org/class/yago/Instrument103574816,http://dbpedia.org/resource/Veena,veena,700,40,0.9793759783091984,0.0210583289885292,"His father, Shahmir Khan, a sarangi and veena player of the Bhendibazaar gharana, served at the court of the Holkars of Indore.",1,2,== Early life and background ==
http://dbpedia.org/class/yago/Instrumentality103575240,http://dbpedia.org/resource/Veena,veena,700,40,0.9793759783091984,0.0210583289885292,"His father, Shahmir Khan, a sarangi and veena player of the Bhendibazaar gharana, served at the court of the Holkars of Indore.",1,2,== Early life and background ==
http://dbpedia.org/class/yago/MusicalInstrument103800933,http://dbpedia.org/resource/Veena,veena,700,40,0.9793759783091984,0.0210583289885292,"His father, Shahmir Khan, a sarangi and veena player of the Bhendibazaar gharana, served at the court of the Holkars of Indore.",1,2,== Early life and background ==
http://dbpedia.org/class/yago/Object100002684,http://dbpedia.org/resource/Veena,veena,700,40,0.9793759783091984,0.0210583289885292,"His father, Shahmir Khan, a sarangi and veena player of the Bhendibazaar gharana, served at the court of the Holkars of Indore.",1,2,== Early life and background ==
http://dbpedia.org/class/yago/PhysicalEntity100001930,http://dbpedia.org/resource/Veena,veena,700,40,0.9793759783091984,0.0210583289885292,"His father, Shahmir Khan, a sarangi and veena player of the Bhendibazaar gharana, served at the court of the Holkars of Indore.",1,2,== Early life and background ==
http://dbpedia.org/class/yago/StringedInstrument104338517,http://dbpedia.org/resource/Veena,veena,700,40,0.9793759783091984,0.0210583289885292,"His father, Shahmir Khan, a sarangi and veena player of the Bhendibazaar gharana, served at the court of the Holkars of Indore.",1,2,== Early life and background ==
http://dbpedia.org/class/yago/Whole100003553,http://dbpedia.org/resource/Veena,veena,700,40,0.9793759783091984,0.0210583289885292,"His father, Shahmir Khan, a sarangi and veena player of the Bhendibazaar gharana, served at the court of the Holkars of Indore.",1,2,== Early life and background ==
http://dbpedia.org/class/yago/WikicatPakistaniMusicalInstruments,http://dbpedia.org/resource/Veena,veena,700,40,0.9793759783091984,0.0210583289885292,"His father, Shahmir Khan, a sarangi and veena player of the Bhendibazaar gharana, served at the court of the Holkars of Indore.",1,2,== Early life and background ==
http://dbpedia.org/class/yago/WikicatStringInstruments,http://dbpedia.org/resource/Veena,veena,700,40,0.9793759783091984,0.0210583289885292,"His father, Shahmir Khan, a sarangi and veena player of the Bhendibazaar gharana, served at the court of the Holkars of Indore.",1,2,== Early life and background ==
http://dbpedia.org/class/yago/YagoLegalActor,http://dbpedia.org/resource/Bhendibazaar_gharana,Bhendibazaar gharana,15,60,1.0,0.0,"His father, Shahmir Khan, a sarangi and veena player of the Bhendibazaar gharana, served at the court of the Holkars of Indore.",1,2,== Early life and background ==
http://dbpedia.org/class/yago/YagoLegalActorGeo,http://dbpedia.org/resource/Bhendibazaar_gharana,Bhendibazaar gharana,15,60,1.0,0.0,"His father, Shahmir Khan, a sarangi and veena player of the Bhendibazaar gharana, served at the court of the Holkars of Indore.",1,2,== Early life and background ==
http://dbpedia.org/class/yago/YagoPermanentlyLocatedEntity,http://dbpedia.org/resource/Bhendibazaar_gharana,Bhendibazaar gharana,15,60,1.0,0.0,"His father, Shahmir Khan, a sarangi and veena player of the Bhendibazaar gharana, served at the court of the Holkars of Indore.",1,2,== Early life and background ==
http://dbpedia.org/class/yago/WikicatMusicSchoolsInIndia,http://dbpedia.org/resource/Bhendibazaar_gharana,Bhendibazaar gharana,15,60,1.0,0.0,"His father, Shahmir Khan, a sarangi and veena player of the Bhendibazaar gharana, served at the court of the Holkars of Indore.",1,2,== Early life and background ==
http://dbpedia.org/class/yago/Abstraction100002137,http://dbpedia.org/resource/Bhendibazaar_gharana,Bhendibazaar gharana,15,60,1.0,0.0,"His father, Shahmir Khan, a sarangi and veena player of the Bhendibazaar gharana, served at the court of the Holkars of Indore.",1,2,== Early life and background ==
http://dbpedia.org/class/yago/Conservatory108287436,http://dbpedia.org/resource/Bhendibazaar_gharana,Bhendibazaar gharana,15,60,1.0,0.0,"His father, Shahmir Khan, a sarangi and veena player of the Bhendibazaar gharana, served at the court of the Holkars of Indore.",1,2,== Early life and background ==
http://dbpedia.org/class/yago/EducationalInstitution108276342,http://dbpedia.org/resource/Bhendibazaar_gharana,Bhendibazaar gharana,15,60,1.0,0.0,"His father, Shahmir Khan, a sarangi and veena player of the Bhendibazaar gharana, served at the court of the Holkars of Indore.",1,2,== Early life and background ==
http://dbpedia.org/class/yago/Group100031264,http://dbpedia.org/resource/Bhendibazaar_gharana,Bhendibazaar gharana,15,60,1.0,0.0,"His father, Shahmir Khan, a sarangi and veena player of the Bhendibazaar gharana, served at the court of the Holkars of Indore.",1,2,== Early life and background ==
http://dbpedia.org/class/yago/Institution108053576,http://dbpedia.org/resource/Bhendibazaar_gharana,Bhendibazaar gharana,15,60,1.0,0.0,"His father, Shahmir Khan, a sarangi and veena player of the Bhendibazaar gharana, served at the court of the Holkars of Indore.",1,2,== Early life and background ==
http://dbpedia.org/class/yago/MusicSchool108283649,http://dbpedia.org/resource/Bhendibazaar_gharana,Bhendibazaar gharana,15,60,1.0,0.0,"His father, Shahmir Khan, a sarangi and veena player of the Bhendibazaar gharana, served at the court of the Holkars of Indore.",1,2,== Early life and background ==
http://dbpedia.org/class/yago/Organization108008335,http://dbpedia.org/resource/Bhendibazaar_gharana,Bhendibazaar gharana,15,60,1.0,0.0,"His father, Shahmir Khan, a sarangi and veena player of the Bhendibazaar gharana, served at the court of the Holkars of Indore.",1,2,== Early life and background ==
http://dbpedia.org/class/yago/School108276720,http://dbpedia.org/resource/Bhendibazaar_gharana,Bhendibazaar gharana,15,60,1.0,0.0,"His father, Shahmir Khan, a sarangi and veena player of the Bhendibazaar gharana, served at the court of the Holkars of Indore.",1,2,== Early life and background ==
http://dbpedia.org/class/yago/SocialGroup107950920,http://dbpedia.org/resource/Bhendibazaar_gharana,Bhendibazaar gharana,15,60,1.0,0.0,"His father, Shahmir Khan, a sarangi and veena player of the Bhendibazaar gharana, served at the court of the Holkars of Indore.",1,2,== Early life and background ==
http://www.w3.org/2002/07/owl#Thing,http://dbpedia.org/resource/Court,court,7258,96,0.9602064298162464,0.0204652899539513,"His father, Shahmir Khan, a sarangi and veena player of the Bhendibazaar gharana, served at the court of the Holkars of Indore.",1,2,== Early life and background ==
http://dbpedia.org/ontology/GovernmentAgency,http://dbpedia.org/resource/Court,court,7258,96,0.9602064298162464,0.0204652899539513,"His father, Shahmir Khan, a sarangi and veena player of the Bhendibazaar gharana, served at the court of the Holkars of Indore.",1,2,== Early life and background ==
http://dbpedia.org/ontology/Settlement,http://dbpedia.org/resource/Court,court,7258,96,0.9602064298162464,0.0204652899539513,"His father, Shahmir Khan, a sarangi and veena player of the Bhendibazaar gharana, served at the court of the Holkars of Indore.",1,2,== Early life and background ==
http://www.w3.org/2002/07/owl#Thing,http://dbpedia.org/resource/Holkar,Holkars,687,109,0.9999999999988916,0.0,"His father, Shahmir Khan, a sarangi and veena player of the Bhendibazaar gharana, served at the court of the Holkars of Indore.",1,2,== Early life and background ==
http://dbpedia.org/ontology/MilitaryPerson,http://dbpedia.org/resource/Holkar,Holkars,687,109,0.9999999999988916,0.0,"His father, Shahmir Khan, a sarangi and veena player of the Bhendibazaar gharana, served at the court of the Holkars of Indore.",1,2,== Early life and background ==
http://dbpedia.org/ontology/Building,http://dbpedia.org/resource/Holkar,Holkars,687,109,0.9999999999988916,0.0,"His father, Shahmir Khan, a sarangi and veena player of the Bhendibazaar gharana, served at the court of the Holkars of Indore.",1,2,== Early life and background ==
http://dbpedia.org/class/yago/WikicatDhangarClans,http://dbpedia.org/resource/Holkar,Holkars,687,109,0.9999999999988916,0.0,"His father, Shahmir Khan, a sarangi and veena player of the Bhendibazaar gharana, served at the court of the Holkars of Indore.",1,2,== Early life and background ==
http://dbpedia.org/class/yago/WikicatDynastiesOfIndia,http://dbpedia.org/resource/Holkar,Holkars,687,109,0.9999999999988916,0.0,"His father, Shahmir Khan, a sarangi and veena player of the Bhendibazaar gharana, served at the court of the Holkars of Indore.",1,2,== Early life and background ==
http://dbpedia.org/class/yago/Abstraction100002137,http://dbpedia.org/resource/Holkar,Holkars,687,109,0.9999999999988916,0.0,"His father, Shahmir Khan, a sarangi and veena player of the Bhendibazaar gharana, served at the court of the Holkars of Indore.",1,2,== Early life and background ==
http://dbpedia.org/class/yago/Autocracy108361001,http://dbpedia.org/resource/Holkar,Holkars,687,109,0.9999999999988916,0.0,"His father, Shahmir Khan, a sarangi and veena player of the Bhendibazaar gharana, served at the court of the Holkars of Indore.",1,2,== Early life and background ==
http://dbpedia.org/class/yago/Dynasty107971582,http://dbpedia.org/resource/Holkar,Holkars,687,109,0.9999999999988916,0.0,"His father, Shahmir Khan, a sarangi and veena player of the Bhendibazaar gharana, served at the court of the Holkars of Indore.",1,2,== Early life and background ==
http://dbpedia.org/class/yago/Family107970721,http://dbpedia.org/resource/Holkar,Holkars,687,109,0.9999999999988916,0.0,"His father, Shahmir Khan, a sarangi and veena player of the Bhendibazaar gharana, served at the court of the Holkars of Indore.",1,2,== Early life and background ==
http://dbpedia.org/class/yago/Genealogy108102402,http://dbpedia.org/resource/Holkar,Holkars,687,109,0.9999999999988916,0.0,"His father, Shahmir Khan, a sarangi and veena player of the Bhendibazaar gharana, served at the court of the Holkars of Indore.",1,2,== Early life and background ==
http://dbpedia.org/class/yago/Group100031264,http://dbpedia.org/resource/Holkar,Holkars,687,109,0.9999999999988916,0.0,"His father, Shahmir Khan, a sarangi and veena player of the Bhendibazaar gharana, served at the court of the Holkars of Indore.",1,2,== Early life and background ==
http://dbpedia.org/class/yago/Kin107969695,http://dbpedia.org/resource/Holkar,Holkars,687,109,0.9999999999988916,0.0,"His father, Shahmir Khan, a sarangi and veena player of the Bhendibazaar gharana, served at the court of the Holkars of Indore.",1,2,== Early life and background ==
http://dbpedia.org/class/yago/Lineage108101937,http://dbpedia.org/resource/Holkar,Holkars,687,109,0.9999999999988916,0.0,"His father, Shahmir Khan, a sarangi and veena player of the Bhendibazaar gharana, served at the court of the Holkars of Indore.",1,2,== Early life and background ==
http://dbpedia.org/class/yago/Monarchy108363812,http://dbpedia.org/resource/Holkar,Holkars,687,109,0.9999999999988916,0.0,"His father, Shahmir Khan, a sarangi and veena player of the Bhendibazaar gharana, served at the court of the Holkars of Indore.",1,2,== Early life and background ==
http://dbpedia.org/class/yago/PoliticalSystem108367880,http://dbpedia.org/resource/Holkar,Holkars,687,109,0.9999999999988916,0.0,"His father, Shahmir Khan, a sarangi and veena player of the Bhendibazaar gharana, served at the court of the Holkars of Indore.",1,2,== Early life and background ==
http://dbpedia.org/class/yago/SocialGroup107950920,http://dbpedia.org/resource/Holkar,Holkars,687,109,0.9999999999988916,0.0,"His father, Shahmir Khan, a sarangi and veena player of the Bhendibazaar gharana, served at the court of the Holkars of Indore.",1,2,== Early life and background ==
http://www.w3.org/2002/07/owl#Thing,http://dbpedia.org/resource/Court,court,7258,50,0.9684470864547796,0.0226474597530144,"His grandfather, Change Khan, was a singer in the court of Bahadurshah Zafar.",2,2,== Early life and background ==
http://dbpedia.org/ontology/GovernmentAgency,http://dbpedia.org/resource/Court,court,7258,50,0.9684470864547796,0.0226474597530144,"His grandfather, Change Khan, was a singer in the court of Bahadurshah Zafar.",2,2,== Early life and background ==
http://dbpedia.org/ontology/Settlement,http://dbpedia.org/resource/Court,court,7258,50,0.9684470864547796,0.0226474597530144,"His grandfather, Change Khan, was a singer in the court of Bahadurshah Zafar.",2,2,== Early life and background ==
http://www.w3.org/2002/07/owl#Thing,http://dbpedia.org/resource/Emir,Amir,3180,0,0.998733185228763,0.000933386740658776,Amir Ali's mother died when he was nine years old.,3,2,== Early life and background ==
http://www.w3.org/2002/07/owl#Thing,http://dbpedia.org/resource/Sarangi,sarangi,467,58,0.9999999999984368,0.0,"He had a younger brother, Bashir, who went on to become a sarangi player at the Indore station of All India Radio.",4,2,== Early life and background ==
http://dbpedia.org/class/yago/WikicatBangladeshiMusicalInstruments,http://dbpedia.org/resource/Sarangi,sarangi,467,58,0.9999999999984368,0.0,"He had a younger brother, Bashir, who went on to become a sarangi player at the Indore station of All India Radio.",4,2,== Early life and background ==
http://dbpedia.org/ontology/MusicGenre,http://dbpedia.org/resource/Sarangi,sarangi,467,58,0.9999999999984368,0.0,"He had a younger brother, Bashir, who went on to become a sarangi player at the Indore station of All India Radio.",4,2,== Early life and background ==
http://dbpedia.org/class/yago/WikicatHindustaniMusicalInstruments,http://dbpedia.org/resource/Sarangi,sarangi,467,58,0.9999999999984368,0.0,"He had a younger brother, Bashir, who went on to become a sarangi player at the Indore station of All India Radio.",4,2,== Early life and background ==
http://dbpedia.org/class/yago/WikicatIndianMusicalInstruments,http://dbpedia.org/resource/Sarangi,sarangi,467,58,0.9999999999984368,0.0,"He had a younger brother, Bashir, who went on to become a sarangi player at the Indore station of All India Radio.",4,2,== Early life and background ==
http://dbpedia.org/class/yago/WikicatBowedInstruments,http://dbpedia.org/resource/Sarangi,sarangi,467,58,0.9999999999984368,0.0,"He had a younger brother, Bashir, who went on to become a sarangi player at the Indore station of All India Radio.",4,2,== Early life and background ==
http://dbpedia.org/class/yago/WikicatChordophones,http://dbpedia.org/resource/Sarangi,sarangi,467,58,0.9999999999984368,0.0,"He had a younger brother, Bashir, who went on to become a sarangi player at the Indore station of All India Radio.",4,2,== Early life and background ==
http://dbpedia.org/class/yago/Artifact100021939,http://dbpedia.org/resource/Sarangi,sarangi,467,58,0.9999999999984368,0.0,"He had a younger brother, Bashir, who went on to become a sarangi player at the Indore station of All India Radio.",4,2,== Early life and background ==
http://dbpedia.org/class/yago/Chordophone103025886,http://dbpedia.org/resource/Sarangi,sarangi,467,58,0.9999999999984368,0.0,"He had a younger brother, Bashir, who went on to become a sarangi player at the Indore station of All India Radio.",4,2,== Early life and background ==
http://dbpedia.org/class/yago/Device103183080,http://dbpedia.org/resource/Sarangi,sarangi,467,58,0.9999999999984368,0.0,"He had a younger brother, Bashir, who went on to become a sarangi player at the Indore station of All India Radio.",4,2,== Early life and background ==
http://dbpedia.org/class/yago/Instrument103574816,http://dbpedia.org/resource/Sarangi,sarangi,467,58,0.9999999999984368,0.0,"He had a younger brother, Bashir, who went on to become a sarangi player at the Indore station of All India Radio.",4,2,== Early life and background ==
http://dbpedia.org/class/yago/Instrumentality103575240,http://dbpedia.org/resource/Sarangi,sarangi,467,58,0.9999999999984368,0.0,"He had a younger brother, Bashir, who went on to become a sarangi player at the Indore station of All India Radio.",4,2,== Early life and background ==
http://dbpedia.org/class/yago/MusicalInstrument103800933,http://dbpedia.org/resource/Sarangi,sarangi,467,58,0.9999999999984368,0.0,"He had a younger brother, Bashir, who went on to become a sarangi player at the Indore station of All India Radio.",4,2,== Early life and background ==
http://dbpedia.org/class/yago/Object100002684,http://dbpedia.org/resource/Sarangi,sarangi,467,58,0.9999999999984368,0.0,"He had a younger brother, Bashir, who went on to become a sarangi player at the Indore station of All India Radio.",4,2,== Early life and background ==
http://dbpedia.org/class/yago/PhysicalEntity100001930,http://dbpedia.org/resource/Sarangi,sarangi,467,58,0.9999999999984368,0.0,"He had a younger brother, Bashir, who went on to become a sarangi player at the Indore station of All India Radio.",4,2,== Early life and background ==
http://dbpedia.org/class/yago/StringedInstrument104338517,http://dbpedia.org/resource/Sarangi,sarangi,467,58,0.9999999999984368,0.0,"He had a younger brother, Bashir, who went on to become a sarangi player at the Indore station of All India Radio.",4,2,== Early life and background ==
http://dbpedia.org/class/yago/Whole100003553,http://dbpedia.org/resource/Sarangi,sarangi,467,58,0.9999999999984368,0.0,"He had a younger brother, Bashir, who went on to become a sarangi player at the Indore station of All India Radio.",4,2,== Early life and background ==
http://dbpedia.org/class/yago/WikicatNepaleseMusicalInstruments,http://dbpedia.org/resource/Sarangi,sarangi,467,58,0.9999999999984368,0.0,"He had a younger brother, Bashir, who went on to become a sarangi player at the Indore station of All India Radio.",4,2,== Early life and background ==
http://dbpedia.org/class/yago/WikicatPakistaniMusicalInstruments,http://dbpedia.org/resource/Sarangi,sarangi,467,58,0.9999999999984368,0.0,"He had a younger brother, Bashir, who went on to become a sarangi player at the Indore station of All India Radio.",4,2,== Early life and background ==
http://dbpedia.org/class/yago/WikicatStringInstruments,http://dbpedia.org/resource/Sarangi,sarangi,467,58,0.9999999999984368,0.0,"He had a younger brother, Bashir, who went on to become a sarangi player at the Indore station of All India Radio.",4,2,== Early life and background ==
http://dbpedia.org/class/yago/WikicatStringInstrumentsWithSympatheticStrings,http://dbpedia.org/resource/Sarangi,sarangi,467,58,0.9999999999984368,0.0,"He had a younger brother, Bashir, who went on to become a sarangi player at the Indore station of All India Radio.",4,2,== Early life and background ==
http://www.w3.org/2002/07/owl#Thing,http://dbpedia.org/resource/All_India_Radio,All India Radio,1802,98,0.99999999999622,3.7887915339918015e-12,"He had a younger brother, Bashir, who went on to become a sarangi player at the Indore station of All India Radio.",4,2,== Early life and background ==
http://dbpedia.org/ontology/PersonFunction,http://dbpedia.org/resource/All_India_Radio,All India Radio,1802,98,0.99999999999622,3.7887915339918015e-12,"He had a younger brother, Bashir, who went on to become a sarangi player at the Indore station of All India Radio.",4,2,== Early life and background ==
http://umbel.org/umbel/rc/Business,http://dbpedia.org/resource/All_India_Radio,All India Radio,1802,98,0.99999999999622,3.7887915339918015e-12,"He had a younger brother, Bashir, who went on to become a sarangi player at the Indore station of All India Radio.",4,2,== Early life and background ==
http://www.w3.org/2002/07/owl#Thing,http://dbpedia.org/resource/Sarangi,sarangi,467,32,0.999999989990286,0.0,He was initially trained in the sarangi by his father.,0,3,== Early life and background ==
http://dbpedia.org/class/yago/WikicatBangladeshiMusicalInstruments,http://dbpedia.org/resource/Sarangi,sarangi,467,32,0.999999989990286,0.0,He was initially trained in the sarangi by his father.,0,3,== Early life and background ==
http://dbpedia.org/ontology/MusicGenre,http://dbpedia.org/resource/Sarangi,sarangi,467,32,0.999999989990286,0.0,He was initially trained in the sarangi by his father.,0,3,== Early life and background ==
http://dbpedia.org/class/yago/WikicatHindustaniMusicalInstruments,http://dbpedia.org/resource/Sarangi,sarangi,467,32,0.999999989990286,0.0,He was initially trained in the sarangi by his father.,0,3,== Early life and background ==
http://dbpedia.org/class/yago/WikicatIndianMusicalInstruments,http://dbpedia.org/resource/Sarangi,sarangi,467,32,0.999999989990286,0.0,He was initially trained in the sarangi by his father.,0,3,== Early life and background ==
http://dbpedia.org/class/yago/WikicatBowedInstruments,http://dbpedia.org/resource/Sarangi,sarangi,467,32,0.999999989990286,0.0,He was initially trained in the sarangi by his father.,0,3,== Early life and background ==
http://dbpedia.org/class/yago/WikicatChordophones,http://dbpedia.org/resource/Sarangi,sarangi,467,32,0.999999989990286,0.0,He was initially trained in the sarangi by his father.,0,3,== Early life and background ==
http://dbpedia.org/class/yago/Artifact100021939,http://dbpedia.org/resource/Sarangi,sarangi,467,32,0.999999989990286,0.0,He was initially trained in the sarangi by his father.,0,3,== Early life and background ==
http://dbpedia.org/class/yago/Chordophone103025886,http://dbpedia.org/resource/Sarangi,sarangi,467,32,0.999999989990286,0.0,He was initially trained in the sarangi by his father.,0,3,== Early life and background ==
http://dbpedia.org/class/yago/Device103183080,http://dbpedia.org/resource/Sarangi,sarangi,467,32,0.999999989990286,0.0,He was initially trained in the sarangi by his father.,0,3,== Early life and background ==
http://dbpedia.org/class/yago/Instrument103574816,http://dbpedia.org/resource/Sarangi,sarangi,467,32,0.999999989990286,0.0,He was initially trained in the sarangi by his father.,0,3,== Early life and background ==
http://dbpedia.org/class/yago/Instrumentality103575240,http://dbpedia.org/resource/Sarangi,sarangi,467,32,0.999999989990286,0.0,He was initially trained in the sarangi by his father.,0,3,== Early life and background ==
http://dbpedia.org/class/yago/MusicalInstrument103800933,http://dbpedia.org/resource/Sarangi,sarangi,467,32,0.999999989990286,0.0,He was initially trained in the sarangi by his father.,0,3,== Early life and background ==
http://dbpedia.org/class/yago/Object100002684,http://dbpedia.org/resource/Sarangi,sarangi,467,32,0.999999989990286,0.0,He was initially trained in the sarangi by his father.,0,3,== Early life and background ==
http://dbpedia.org/class/yago/PhysicalEntity100001930,http://dbpedia.org/resource/Sarangi,sarangi,467,32,0.999999989990286,0.0,He was initially trained in the sarangi by his father.,0,3,== Early life and background ==
http://dbpedia.org/class/yago/StringedInstrument104338517,http://dbpedia.org/resource/Sarangi,sarangi,467,32,0.999999989990286,0.0,He was initially trained in the sarangi by his father.,0,3,== Early life and background ==
http://dbpedia.org/class/yago/Whole100003553,http://dbpedia.org/resource/Sarangi,sarangi,467,32,0.999999989990286,0.0,He was initially trained in the sarangi by his father.,0,3,== Early life and background ==
http://dbpedia.org/class/yago/WikicatNepaleseMusicalInstruments,http://dbpedia.org/resource/Sarangi,sarangi,467,32,0.999999989990286,0.0,He was initially trained in the sarangi by his father.,0,3,== Early life and background ==
http://dbpedia.org/class/yago/WikicatPakistaniMusicalInstruments,http://dbpedia.org/resource/Sarangi,sarangi,467,32,0.999999989990286,0.0,He was initially trained in the sarangi by his father.,0,3,== Early life and background ==
http://dbpedia.org/class/yago/WikicatStringInstruments,http://dbpedia.org/resource/Sarangi,sarangi,467,32,0.999999989990286,0.0,He was initially trained in the sarangi by his father.,0,3,== Early life and background ==
http://dbpedia.org/class/yago/WikicatStringInstrumentsWithSympatheticStrings,http://dbpedia.org/resource/Sarangi,sarangi,467,32,0.999999989990286,0.0,He was initially trained in the sarangi by his father.,0,3,== Early life and background ==
http://www.w3.org/2002/07/owl#Thing,http://dbpedia.org/resource/Vocal_music,vocal music,657,32,0.9517300475987168,0.0507181132904765,"However, seeing his interest in vocal music, his father gradually devoted more time to vocal training, focusing on the merukhand technique.",1,3,== Early life and background ==
http://dbpedia.org/ontology/MusicGenre,http://dbpedia.org/resource/Vocal_music,vocal music,657,32,0.9517300475987168,0.0507181132904765,"However, seeing his interest in vocal music, his father gradually devoted more time to vocal training, focusing on the merukhand technique.",1,3,== Early life and background ==
http://dbpedia.org/ontology/Agent,http://dbpedia.org/resource/Vocal_music,vocal music,657,32,0.9517300475987168,0.0507181132904765,"However, seeing his interest in vocal music, his father gradually devoted more time to vocal training, focusing on the merukhand technique.",1,3,== Early life and background ==
http://dbpedia.org/class/yago/WikicatIndianStylesOfMusic,http://dbpedia.org/resource/Merukhand,merukhand,5,119,0.9999999999997442,0.0,"However, seeing his interest in vocal music, his father gradually devoted more time to vocal training, focusing on the merukhand technique.",1,3,== Early life and background ==
http://dbpedia.org/class/yago/Abstraction100002137,http://dbpedia.org/resource/Merukhand,merukhand,5,119,0.9999999999997442,0.0,"However, seeing his interest in vocal music, his father gradually devoted more time to vocal training, focusing on the merukhand technique.",1,3,== Early life and background ==
http://dbpedia.org/class/yago/Attribute100024264,http://dbpedia.org/resource/Merukhand,merukhand,5,119,0.9999999999997442,0.0,"However, seeing his interest in vocal music, his father gradually devoted more time to vocal training, focusing on the merukhand technique.",1,3,== Early life and background ==
http://dbpedia.org/class/yago/Manner104928903,http://dbpedia.org/resource/Merukhand,merukhand,5,119,0.9999999999997442,0.0,"However, seeing his interest in vocal music, his father gradually devoted more time to vocal training, focusing on the merukhand technique.",1,3,== Early life and background ==
http://dbpedia.org/class/yago/Property104916342,http://dbpedia.org/resource/Merukhand,merukhand,5,119,0.9999999999997442,0.0,"However, seeing his interest in vocal music, his father gradually devoted more time to vocal training, focusing on the merukhand technique.",1,3,== Early life and background ==
http://www.w3.org/2002/07/owl#Thing,http://dbpedia.org/resource/Emir,Amir,3180,0,0.9967553873967804,0.0023223296627828,"Amir Ali was exposed at an early age to many different styles, since just about every musician who visited Indore would come to their house, and there would be mehfils at their place on a regular basis.",2,3,== Early life and background ==
http://www.w3.org/2002/07/owl#Thing,http://dbpedia.org/resource/Tabla,tabla,2188,30,0.999999999575408,0.0,"He also learned the basics of tabla playing from one of his maternal uncles, who was a tabla player.",3,3,== Early life and background ==
http://dbpedia.org/class/yago/WikicatAfghanMusicalInstruments,http://dbpedia.org/resource/Tabla,tabla,2188,30,0.999999999575408,0.0,"He also learned the basics of tabla playing from one of his maternal uncles, who was a tabla player.",3,3,== Early life and background ==
http://dbpedia.org/class/yago/WikicatBangladeshiMusicalInstruments,http://dbpedia.org/resource/Tabla,tabla,2188,30,0.999999999575408,0.0,"He also learned the basics of tabla playing from one of his maternal uncles, who was a tabla player.",3,3,== Early life and background ==
http://dbpedia.org/ontology/Agent,http://dbpedia.org/resource/Tabla,tabla,2188,30,0.999999999575408,0.0,"He also learned the basics of tabla playing from one of his maternal uncles, who was a tabla player.",3,3,== Early life and background ==
http://dbpedia.org/class/yago/WikicatHandDrums,http://dbpedia.org/resource/Tabla,tabla,2188,30,0.999999999575408,0.0,"He also learned the basics of tabla playing from one of his maternal uncles, who was a tabla player.",3,3,== Early life and background ==
http://dbpedia.org/class/yago/WikicatHindustaniMusicalInstruments,http://dbpedia.org/resource/Tabla,tabla,2188,30,0.999999999575408,0.0,"He also learned the basics of tabla playing from one of his maternal uncles, who was a tabla player.",3,3,== Early life and background ==
http://dbpedia.org/class/yago/WikicatIndianMusicalInstruments,http://dbpedia.org/resource/Tabla,tabla,2188,30,0.999999999575408,0.0,"He also learned the basics of tabla playing from one of his maternal uncles, who was a tabla player.",3,3,== Early life and background ==
http://dbpedia.org/class/yago/WikicatPercussionInstruments,http://dbpedia.org/resource/Tabla,tabla,2188,30,0.999999999575408,0.0,"He also learned the basics of tabla playing from one of his maternal uncles, who was a tabla player.",3,3,== Early life and background ==
http://dbpedia.org/ontology/PersonFunction,http://dbpedia.org/resource/Tabla,tabla,2188,30,0.999999999575408,0.0,"He also learned the basics of tabla playing from one of his maternal uncles, who was a tabla player.",3,3,== Early life and background ==
http://dbpedia.org/class/yago/WikicatDirectlyStruckMembranophones,http://dbpedia.org/resource/Tabla,tabla,2188,30,0.999999999575408,0.0,"He also learned the basics of tabla playing from one of his maternal uncles, who was a tabla player.",3,3,== Early life and background ==
http://dbpedia.org/class/yago/WikicatDrums,http://dbpedia.org/resource/Tabla,tabla,2188,30,0.999999999575408,0.0,"He also learned the basics of tabla playing from one of his maternal uncles, who was a tabla player.",3,3,== Early life and background ==
http://dbpedia.org/class/yago/WikicatMembranophones,http://dbpedia.org/resource/Tabla,tabla,2188,30,0.999999999575408,0.0,"He also learned the basics of tabla playing from one of his maternal uncles, who was a tabla player.",3,3,== Early life and background ==
http://dbpedia.org/class/yago/Artifact100021939,http://dbpedia.org/resource/Tabla,tabla,2188,30,0.999999999575408,0.0,"He also learned the basics of tabla playing from one of his maternal uncles, who was a tabla player.",3,3,== Early life and background ==
http://dbpedia.org/class/yago/Device103183080,http://dbpedia.org/resource/Tabla,tabla,2188,30,0.999999999575408,0.0,"He also learned the basics of tabla playing from one of his maternal uncles, who was a tabla player.",3,3,== Early life and background ==
http://dbpedia.org/class/yago/Drum103249569,http://dbpedia.org/resource/Tabla,tabla,2188,30,0.999999999575408,0.0,"He also learned the basics of tabla playing from one of his maternal uncles, who was a tabla player.",3,3,== Early life and background ==
http://dbpedia.org/class/yago/Instrument103574816,http://dbpedia.org/resource/Tabla,tabla,2188,30,0.999999999575408,0.0,"He also learned the basics of tabla playing from one of his maternal uncles, who was a tabla player.",3,3,== Early life and background ==
http://dbpedia.org/class/yago/Instrumentality103575240,http://dbpedia.org/resource/Tabla,tabla,2188,30,0.999999999575408,0.0,"He also learned the basics of tabla playing from one of his maternal uncles, who was a tabla player.",3,3,== Early life and background ==
http://dbpedia.org/class/yago/MusicalInstrument103800933,http://dbpedia.org/resource/Tabla,tabla,2188,30,0.999999999575408,0.0,"He also learned the basics of tabla playing from one of his maternal uncles, who was a tabla player.",3,3,== Early life and background ==
http://dbpedia.org/class/yago/Object100002684,http://dbpedia.org/resource/Tabla,tabla,2188,30,0.999999999575408,0.0,"He also learned the basics of tabla playing from one of his maternal uncles, who was a tabla player.",3,3,== Early life and background ==
http://dbpedia.org/class/yago/PercussionInstrument103915437,http://dbpedia.org/resource/Tabla,tabla,2188,30,0.999999999575408,0.0,"He also learned the basics of tabla playing from one of his maternal uncles, who was a tabla player.",3,3,== Early life and background ==
http://dbpedia.org/class/yago/PhysicalEntity100001930,http://dbpedia.org/resource/Tabla,tabla,2188,30,0.999999999575408,0.0,"He also learned the basics of tabla playing from one of his maternal uncles, who was a tabla player.",3,3,== Early life and background ==
http://dbpedia.org/class/yago/Whole100003553,http://dbpedia.org/resource/Tabla,tabla,2188,30,0.999999999575408,0.0,"He also learned the basics of tabla playing from one of his maternal uncles, who was a tabla player.",3,3,== Early life and background ==
http://dbpedia.org/class/yago/WikicatNepaleseMusicalInstruments,http://dbpedia.org/resource/Tabla,tabla,2188,30,0.999999999575408,0.0,"He also learned the basics of tabla playing from one of his maternal uncles, who was a tabla player.",3,3,== Early life and background ==
http://dbpedia.org/class/yago/WikicatPakistaniMusicalInstruments,http://dbpedia.org/resource/Tabla,tabla,2188,30,0.999999999575408,0.0,"He also learned the basics of tabla playing from one of his maternal uncles, who was a tabla player.",3,3,== Early life and background ==
http://www.w3.org/2002/07/owl#Thing,http://dbpedia.org/resource/Tabla,tabla,2188,87,0.999999999575408,0.0,"He also learned the basics of tabla playing from one of his maternal uncles, who was a tabla player.",3,3,== Early life and background ==
http://dbpedia.org/class/yago/WikicatAfghanMusicalInstruments,http://dbpedia.org/resource/Tabla,tabla,2188,87,0.999999999575408,0.0,"He also learned the basics of tabla playing from one of his maternal uncles, who was a tabla player.",3,3,== Early life and background ==
http://dbpedia.org/class/yago/WikicatBangladeshiMusicalInstruments,http://dbpedia.org/resource/Tabla,tabla,2188,87,0.999999999575408,0.0,"He also learned the basics of tabla playing from one of his maternal uncles, who was a tabla player.",3,3,== Early life and background ==
http://dbpedia.org/ontology/Agent,http://dbpedia.org/resource/Tabla,tabla,2188,87,0.999999999575408,0.0,"He also learned the basics of tabla playing from one of his maternal uncles, who was a tabla player.",3,3,== Early life and background ==
http://dbpedia.org/class/yago/WikicatHandDrums,http://dbpedia.org/resource/Tabla,tabla,2188,87,0.999999999575408,0.0,"He also learned the basics of tabla playing from one of his maternal uncles, who was a tabla player.",3,3,== Early life and background ==
http://dbpedia.org/class/yago/WikicatHindustaniMusicalInstruments,http://dbpedia.org/resource/Tabla,tabla,2188,87,0.999999999575408,0.0,"He also learned the basics of tabla playing from one of his maternal uncles, who was a tabla player.",3,3,== Early life and background ==
http://dbpedia.org/class/yago/WikicatIndianMusicalInstruments,http://dbpedia.org/resource/Tabla,tabla,2188,87,0.999999999575408,0.0,"He also learned the basics of tabla playing from one of his maternal uncles, who was a tabla player.",3,3,== Early life and background ==
http://dbpedia.org/class/yago/WikicatPercussionInstruments,http://dbpedia.org/resource/Tabla,tabla,2188,87,0.999999999575408,0.0,"He also learned the basics of tabla playing from one of his maternal uncles, who was a tabla player.",3,3,== Early life and background ==
http://dbpedia.org/ontology/PersonFunction,http://dbpedia.org/resource/Tabla,tabla,2188,87,0.999999999575408,0.0,"He also learned the basics of tabla playing from one of his maternal uncles, who was a tabla player.",3,3,== Early life and background ==
http://dbpedia.org/class/yago/WikicatDirectlyStruckMembranophones,http://dbpedia.org/resource/Tabla,tabla,2188,87,0.999999999575408,0.0,"He also learned the basics of tabla playing from one of his maternal uncles, who was a tabla player.",3,3,== Early life and background ==
http://dbpedia.org/class/yago/WikicatDrums,http://dbpedia.org/resource/Tabla,tabla,2188,87,0.999999999575408,0.0,"He also learned the basics of tabla playing from one of his maternal uncles, who was a tabla player.",3,3,== Early life and background ==
http://dbpedia.org/class/yago/WikicatMembranophones,http://dbpedia.org/resource/Tabla,tabla,2188,87,0.999999999575408,0.0,"He also learned the basics of tabla playing from one of his maternal uncles, who was a tabla player.",3,3,== Early life and background ==
http://dbpedia.org/class/yago/Artifact100021939,http://dbpedia.org/resource/Tabla,tabla,2188,87,0.999999999575408,0.0,"He also learned the basics of tabla playing from one of his maternal uncles, who was a tabla player.",3,3,== Early life and background ==
http://dbpedia.org/class/yago/Device103183080,http://dbpedia.org/resource/Tabla,tabla,2188,87,0.999999999575408,0.0,"He also learned the basics of tabla playing from one of his maternal uncles, who was a tabla player.",3,3,== Early life and background ==
http://dbpedia.org/class/yago/Drum103249569,http://dbpedia.org/resource/Tabla,tabla,2188,87,0.999999999575408,0.0,"He also learned the basics of tabla playing from one of his maternal uncles, who was a tabla player.",3,3,== Early life and background ==
http://dbpedia.org/class/yago/Instrument103574816,http://dbpedia.org/resource/Tabla,tabla,2188,87,0.999999999575408,0.0,"He also learned the basics of tabla playing from one of his maternal uncles, who was a tabla player.",3,3,== Early life and background ==
http://dbpedia.org/class/yago/Instrumentality103575240,http://dbpedia.org/resource/Tabla,tabla,2188,87,0.999999999575408,0.0,"He also learned the basics of tabla playing from one of his maternal uncles, who was a tabla player.",3,3,== Early life and background ==
http://dbpedia.org/class/yago/MusicalInstrument103800933,http://dbpedia.org/resource/Tabla,tabla,2188,87,0.999999999575408,0.0,"He also learned the basics of tabla playing from one of his maternal uncles, who was a tabla player.",3,3,== Early life and background ==
http://dbpedia.org/class/yago/Object100002684,http://dbpedia.org/resource/Tabla,tabla,2188,87,0.999999999575408,0.0,"He also learned the basics of tabla playing from one of his maternal uncles, who was a tabla player.",3,3,== Early life and background ==
http://dbpedia.org/class/yago/PercussionInstrument103915437,http://dbpedia.org/resource/Tabla,tabla,2188,87,0.999999999575408,0.0,"He also learned the basics of tabla playing from one of his maternal uncles, who was a tabla player.",3,3,== Early life and background ==
http://dbpedia.org/class/yago/PhysicalEntity100001930,http://dbpedia.org/resource/Tabla,tabla,2188,87,0.999999999575408,0.0,"He also learned the basics of tabla playing from one of his maternal uncles, who was a tabla player.",3,3,== Early life and background ==
http://dbpedia.org/class/yago/Whole100003553,http://dbpedia.org/resource/Tabla,tabla,2188,87,0.999999999575408,0.0,"He also learned the basics of tabla playing from one of his maternal uncles, who was a tabla player.",3,3,== Early life and background ==
http://dbpedia.org/class/yago/WikicatNepaleseMusicalInstruments,http://dbpedia.org/resource/Tabla,tabla,2188,87,0.999999999575408,0.0,"He also learned the basics of tabla playing from one of his maternal uncles, who was a tabla player.",3,3,== Early life and background ==
http://dbpedia.org/class/yago/WikicatPakistaniMusicalInstruments,http://dbpedia.org/resource/Tabla,tabla,2188,87,0.999999999575408,0.0,"He also learned the basics of tabla playing from one of his maternal uncles, who was a tabla player.",3,3,== Early life and background ==
http://www.w3.org/2002/07/owl#Thing,http://dbpedia.org/resource/Phonograph_record,78-rpm records,10559,95,1.0,0.0,"Amir Khan moved to Bombay in 1934, and there he gave a few concerts and cut about half a dozen 78-rpm records.",0,4,== Early life and background ==
http://www.w3.org/2002/07/owl#Thing,http://dbpedia.org/resource/Raja,Raja,3235,64,0.9932550668765562,0.0048262809084124,"He performed at a music conference in Mirzapur on behalf of the Raja, with many illustrious musicians present, but he was hooted off the stage after only 15 minutes or so.",3,4,== Early life and background ==
http://dbpedia.org/ontology/Person,http://dbpedia.org/resource/Raja,Raja,3235,64,0.9932550668765562,0.0048262809084124,"He performed at a music conference in Mirzapur on behalf of the Raja, with many illustrious musicians present, but he was hooted off the stage after only 15 minutes or so.",3,4,== Early life and background ==
http://dbpedia.org/ontology/MusicGenre,http://dbpedia.org/resource/Thumri,thumri,318,34,0.9999999989051672,0.0,"The organizer suggested singing a thumri, but he refused, saying that his mind was never really inclined towards thumri.",4,4,== Early life and background ==
http://dbpedia.org/class/yago/WikicatMusicGenres,http://dbpedia.org/resource/Thumri,thumri,318,34,0.9999999989051672,0.0,"The organizer suggested singing a thumri, but he refused, saying that his mind was never really inclined towards thumri.",4,4,== Early life and background ==
http://dbpedia.org/class/yago/Abstraction100002137,http://dbpedia.org/resource/Thumri,thumri,318,34,0.9999999989051672,0.0,"The organizer suggested singing a thumri, but he refused, saying that his mind was never really inclined towards thumri.",4,4,== Early life and background ==
http://dbpedia.org/class/yago/AuditoryCommunication107109019,http://dbpedia.org/resource/Thumri,thumri,318,34,0.9999999989051672,0.0,"The organizer suggested singing a thumri, but he refused, saying that his mind was never really inclined towards thumri.",4,4,== Early life and background ==
http://dbpedia.org/class/yago/ClassicalMusic107025900,http://dbpedia.org/resource/Thumri,thumri,318,34,0.9999999989051672,0.0,"The organizer suggested singing a thumri, but he refused, saying that his mind was never really inclined towards thumri.",4,4,== Early life and background ==
http://dbpedia.org/class/yago/Communication100033020,http://dbpedia.org/resource/Thumri,thumri,318,34,0.9999999989051672,0.0,"The organizer suggested singing a thumri, but he refused, saying that his mind was never really inclined towards thumri.",4,4,== Early life and background ==
http://dbpedia.org/class/yago/ExpressiveStyle107066659,http://dbpedia.org/resource/Thumri,thumri,318,34,0.9999999989051672,0.0,"The organizer suggested singing a thumri, but he refused, saying that his mind was never really inclined towards thumri.",4,4,== Early life and background ==
http://dbpedia.org/class/yago/Music107020895,http://dbpedia.org/resource/Thumri,thumri,318,34,0.9999999989051672,0.0,"The organizer suggested singing a thumri, but he refused, saying that his mind was never really inclined towards thumri.",4,4,== Early life and background ==
http://dbpedia.org/class/yago/MusicGenre107071942,http://dbpedia.org/resource/Thumri,thumri,318,34,0.9999999989051672,0.0,"The organizer suggested singing a thumri, but he refused, saying that his mind was never really inclined towards thumri.",4,4,== Early life and background ==
http://dbpedia.org/ontology/MusicGenre,http://dbpedia.org/resource/Thumri,thumri,318,113,0.9999999989051672,0.0,"The organizer suggested singing a thumri, but he refused, saying that his mind was never really inclined towards thumri.",4,4,== Early life and background ==
http://dbpedia.org/class/yago/WikicatMusicGenres,http://dbpedia.org/resource/Thumri,thumri,318,113,0.9999999989051672,0.0,"The organizer suggested singing a thumri, but he refused, saying that his mind was never really inclined towards thumri.",4,4,== Early life and background ==
http://dbpedia.org/class/yago/Abstraction100002137,http://dbpedia.org/resource/Thumri,thumri,318,113,0.9999999989051672,0.0,"The organizer suggested singing a thumri, but he refused, saying that his mind was never really inclined towards thumri.",4,4,== Early life and background ==
http://dbpedia.org/class/yago/AuditoryCommunication107109019,http://dbpedia.org/resource/Thumri,thumri,318,113,0.9999999989051672,0.0,"The organizer suggested singing a thumri, but he refused, saying that his mind was never really inclined towards thumri.",4,4,== Early life and background ==
http://dbpedia.org/class/yago/ClassicalMusic107025900,http://dbpedia.org/resource/Thumri,thumri,318,113,0.9999999989051672,0.0,"The organizer suggested singing a thumri, but he refused, saying that his mind was never really inclined towards thumri.",4,4,== Early life and background ==
http://dbpedia.org/class/yago/Communication100033020,http://dbpedia.org/resource/Thumri,thumri,318,113,0.9999999989051672,0.0,"The organizer suggested singing a thumri, but he refused, saying that his mind was never really inclined towards thumri.",4,4,== Early life and background ==
http://dbpedia.org/class/yago/ExpressiveStyle107066659,http://dbpedia.org/resource/Thumri,thumri,318,113,0.9999999989051672,0.0,"The organizer suggested singing a thumri, but he refused, saying that his mind was never really inclined towards thumri.",4,4,== Early life and background ==
http://dbpedia.org/class/yago/Music107020895,http://dbpedia.org/resource/Thumri,thumri,318,113,0.9999999989051672,0.0,"The organizer suggested singing a thumri, but he refused, saying that his mind was never really inclined towards thumri.",4,4,== Early life and background ==
http://dbpedia.org/class/yago/MusicGenre107071942,http://dbpedia.org/resource/Thumri,thumri,318,113,0.9999999989051672,0.0,"The organizer suggested singing a thumri, but he refused, saying that his mind was never really inclined towards thumri.",4,4,== Early life and background ==
http://www.w3.org/2002/07/owl#Thing,http://dbpedia.org/resource/Partition_of_India,partition,4465,74,0.9999267211176186,3.692173309750326e-05,"Later, Khansahib lived for some time in Delhi and Calcutta, but after the partition of India he moved back to Bombay.",7,4,== Early life and background ==
http://dbpedia.org/ontology/AnatomicalStructure,http://dbpedia.org/resource/Partition_of_India,partition,4465,74,0.9999267211176186,3.692173309750326e-05,"Later, Khansahib lived for some time in Delhi and Calcutta, but after the partition of India he moved back to Bombay.",7,4,== Early life and background ==
http://dbpedia.org/class/yago/WikicatDividedRegions,http://dbpedia.org/resource/Partition_of_India,partition,4465,74,0.9999267211176186,3.692173309750326e-05,"Later, Khansahib lived for some time in Delhi and Calcutta, but after the partition of India he moved back to Bombay.",7,4,== Early life and background ==
http://dbpedia.org/class/yago/YagoGeoEntity,http://dbpedia.org/resource/Partition_of_India,partition,4465,74,0.9999267211176186,3.692173309750326e-05,"Later, Khansahib lived for some time in Delhi and Calcutta, but after the partition of India he moved back to Bombay.",7,4,== Early life and background ==
http://dbpedia.org/class/yago/YagoLegalActorGeo,http://dbpedia.org/resource/Partition_of_India,partition,4465,74,0.9999267211176186,3.692173309750326e-05,"Later, Khansahib lived for some time in Delhi and Calcutta, but after the partition of India he moved back to Bombay.",7,4,== Early life and background ==
http://dbpedia.org/class/yago/YagoPermanentlyLocatedEntity,http://dbpedia.org/resource/Partition_of_India,partition,4465,74,0.9999267211176186,3.692173309750326e-05,"Later, Khansahib lived for some time in Delhi and Calcutta, but after the partition of India he moved back to Bombay.",7,4,== Early life and background ==
http://dbpedia.org/class/yago/Location100027167,http://dbpedia.org/resource/Partition_of_India,partition,4465,74,0.9999267211176186,3.692173309750326e-05,"Later, Khansahib lived for some time in Delhi and Calcutta, but after the partition of India he moved back to Bombay.",7,4,== Early life and background ==
http://dbpedia.org/class/yago/Object100002684,http://dbpedia.org/resource/Partition_of_India,partition,4465,74,0.9999267211176186,3.692173309750326e-05,"Later, Khansahib lived for some time in Delhi and Calcutta, but after the partition of India he moved back to Bombay.",7,4,== Early life and background ==
http://dbpedia.org/class/yago/PhysicalEntity100001930,http://dbpedia.org/resource/Partition_of_India,partition,4465,74,0.9999267211176186,3.692173309750326e-05,"Later, Khansahib lived for some time in Delhi and Calcutta, but after the partition of India he moved back to Bombay.",7,4,== Early life and background ==
http://dbpedia.org/class/yago/Region108630039,http://dbpedia.org/resource/Partition_of_India,partition,4465,74,0.9999267211176186,3.692173309750326e-05,"Later, Khansahib lived for some time in Delhi and Calcutta, but after the partition of India he moved back to Bombay.",7,4,== Early life and background ==
http://www.w3.org/2002/07/owl#Thing,http://dbpedia.org/resource/Hindustani_classical_music,gayaki,1776,21,1.0,0.0,"He developed his own gayaki (singing style), influenced by the styles of Abdul Waheed Khan (vilambit tempo), Rajab Ali Khan (taans) and Aman Ali Khan (merukhand).",1,6,== Singing career ==
http://dbpedia.org/ontology/MusicGenre,http://dbpedia.org/resource/Hindustani_classical_music,gayaki,1776,21,1.0,0.0,"He developed his own gayaki (singing style), influenced by the styles of Abdul Waheed Khan (vilambit tempo), Rajab Ali Khan (taans) and Aman Ali Khan (merukhand).",1,6,== Singing career ==
http://dbpedia.org/class/yago/WikicatIndianStylesOfMusic,http://dbpedia.org/resource/Hindustani_classical_music,gayaki,1776,21,1.0,0.0,"He developed his own gayaki (singing style), influenced by the styles of Abdul Waheed Khan (vilambit tempo), Rajab Ali Khan (taans) and Aman Ali Khan (merukhand).",1,6,== Singing career ==
http://dbpedia.org/class/yago/Abstraction100002137,http://dbpedia.org/resource/Hindustani_classical_music,gayaki,1776,21,1.0,0.0,"He developed his own gayaki (singing style), influenced by the styles of Abdul Waheed Khan (vilambit tempo), Rajab Ali Khan (taans) and Aman Ali Khan (merukhand).",1,6,== Singing career ==
http://dbpedia.org/class/yago/Attribute100024264,http://dbpedia.org/resource/Hindustani_classical_music,gayaki,1776,21,1.0,0.0,"He developed his own gayaki (singing style), influenced by the styles of Abdul Waheed Khan (vilambit tempo), Rajab Ali Khan (taans) and Aman Ali Khan (merukhand).",1,6,== Singing career ==
http://dbpedia.org/class/yago/AuditoryCommunication107109019,http://dbpedia.org/resource/Hindustani_classical_music,gayaki,1776,21,1.0,0.0,"He developed his own gayaki (singing style), influenced by the styles of Abdul Waheed Khan (vilambit tempo), Rajab Ali Khan (taans) and Aman Ali Khan (merukhand).",1,6,== Singing career ==
http://dbpedia.org/class/yago/ClassicalMusic107025900,http://dbpedia.org/resource/Hindustani_classical_music,gayaki,1776,21,1.0,0.0,"He developed his own gayaki (singing style), influenced by the styles of Abdul Waheed Khan (vilambit tempo), Rajab Ali Khan (taans) and Aman Ali Khan (merukhand).",1,6,== Singing career ==
http://dbpedia.org/class/yago/Communication100033020,http://dbpedia.org/resource/Hindustani_classical_music,gayaki,1776,21,1.0,0.0,"He developed his own gayaki (singing style), influenced by the styles of Abdul Waheed Khan (vilambit tempo), Rajab Ali Khan (taans) and Aman Ali Khan (merukhand).",1,6,== Singing career ==
http://dbpedia.org/class/yago/ExpressiveStyle107066659,http://dbpedia.org/resource/Hindustani_classical_music,gayaki,1776,21,1.0,0.0,"He developed his own gayaki (singing style), influenced by the styles of Abdul Waheed Khan (vilambit tempo), Rajab Ali Khan (taans) and Aman Ali Khan (merukhand).",1,6,== Singing career ==
http://dbpedia.org/class/yago/Manner104928903,http://dbpedia.org/resource/Hindustani_classical_music,gayaki,1776,21,1.0,0.0,"He developed his own gayaki (singing style), influenced by the styles of Abdul Waheed Khan (vilambit tempo), Rajab Ali Khan (taans) and Aman Ali Khan (merukhand).",1,6,== Singing career ==
http://dbpedia.org/class/yago/Music107020895,http://dbpedia.org/resource/Hindustani_classical_music,gayaki,1776,21,1.0,0.0,"He developed his own gayaki (singing style), influenced by the styles of Abdul Waheed Khan (vilambit tempo), Rajab Ali Khan (taans) and Aman Ali Khan (merukhand).",1,6,== Singing career ==
http://dbpedia.org/class/yago/MusicGenre107071942,http://dbpedia.org/resource/Hindustani_classical_music,gayaki,1776,21,1.0,0.0,"He developed his own gayaki (singing style), influenced by the styles of Abdul Waheed Khan (vilambit tempo), Rajab Ali Khan (taans) and Aman Ali Khan (merukhand).",1,6,== Singing career ==
http://dbpedia.org/class/yago/Property104916342,http://dbpedia.org/resource/Hindustani_classical_music,gayaki,1776,21,1.0,0.0,"He developed his own gayaki (singing style), influenced by the styles of Abdul Waheed Khan (vilambit tempo), Rajab Ali Khan (taans) and Aman Ali Khan (merukhand).",1,6,== Singing career ==
http://dbpedia.org/class/yago/WikicatPakistaniStylesOfMusic,http://dbpedia.org/resource/Hindustani_classical_music,gayaki,1776,21,1.0,0.0,"He developed his own gayaki (singing style), influenced by the styles of Abdul Waheed Khan (vilambit tempo), Rajab Ali Khan (taans) and Aman Ali Khan (merukhand).",1,6,== Singing career ==
http://dbpedia.org/ontology/MusicGenre,http://dbpedia.org/resource/Vilambit,vilambit,26,92,1.0,0.0,"He developed his own gayaki (singing style), influenced by the styles of Abdul Waheed Khan (vilambit tempo), Rajab Ali Khan (taans) and Aman Ali Khan (merukhand).",1,6,== Singing career ==
http://dbpedia.org/class/yago/Writing106362953,http://dbpedia.org/resource/Vilambit,vilambit,26,92,1.0,0.0,"He developed his own gayaki (singing style), influenced by the styles of Abdul Waheed Khan (vilambit tempo), Rajab Ali Khan (taans) and Aman Ali Khan (merukhand).",1,6,== Singing career ==
http://dbpedia.org/class/yago/WrittenCommunication106349220,http://dbpedia.org/resource/Vilambit,vilambit,26,92,1.0,0.0,"He developed his own gayaki (singing style), influenced by the styles of Abdul Waheed Khan (vilambit tempo), Rajab Ali Khan (taans) and Aman Ali Khan (merukhand).",1,6,== Singing career ==
http://dbpedia.org/class/yago/Abstraction100002137,http://dbpedia.org/resource/Vilambit,vilambit,26,92,1.0,0.0,"He developed his own gayaki (singing style), influenced by the styles of Abdul Waheed Khan (vilambit tempo), Rajab Ali Khan (taans) and Aman Ali Khan (merukhand).",1,6,== Singing career ==
http://dbpedia.org/class/yago/AuditoryCommunication107109019,http://dbpedia.org/resource/Vilambit,vilambit,26,92,1.0,0.0,"He developed his own gayaki (singing style), influenced by the styles of Abdul Waheed Khan (vilambit tempo), Rajab Ali Khan (taans) and Aman Ali Khan (merukhand).",1,6,== Singing career ==
http://dbpedia.org/class/yago/Communication100033020,http://dbpedia.org/resource/Vilambit,vilambit,26,92,1.0,0.0,"He developed his own gayaki (singing style), influenced by the styles of Abdul Waheed Khan (vilambit tempo), Rajab Ali Khan (taans) and Aman Ali Khan (merukhand).",1,6,== Singing career ==
http://dbpedia.org/class/yago/Music107020895,http://dbpedia.org/resource/Vilambit,vilambit,26,92,1.0,0.0,"He developed his own gayaki (singing style), influenced by the styles of Abdul Waheed Khan (vilambit tempo), Rajab Ali Khan (taans) and Aman Ali Khan (merukhand).",1,6,== Singing career ==
http://dbpedia.org/class/yago/Section106392001,http://dbpedia.org/resource/Vilambit,vilambit,26,92,1.0,0.0,"He developed his own gayaki (singing style), influenced by the styles of Abdul Waheed Khan (vilambit tempo), Rajab Ali Khan (taans) and Aman Ali Khan (merukhand).",1,6,== Singing career ==
http://dbpedia.org/class/yago/WikicatFormalSectionsInMusicAnalysis,http://dbpedia.org/resource/Vilambit,vilambit,26,92,1.0,0.0,"He developed his own gayaki (singing style), influenced by the styles of Abdul Waheed Khan (vilambit tempo), Rajab Ali Khan (taans) and Aman Ali Khan (merukhand).",1,6,== Singing career ==
http://www.w3.org/2002/07/owl#Thing,http://dbpedia.org/resource/Tempo,tempo,8577,101,0.9999960179377172,3.98108899581725e-06,"He developed his own gayaki (singing style), influenced by the styles of Abdul Waheed Khan (vilambit tempo), Rajab Ali Khan (taans) and Aman Ali Khan (merukhand).",1,6,== Singing career ==
http://dbpedia.org/ontology/Person,http://dbpedia.org/resource/Tempo,tempo,8577,101,0.9999960179377172,3.98108899581725e-06,"He developed his own gayaki (singing style), influenced by the styles of Abdul Waheed Khan (vilambit tempo), Rajab Ali Khan (taans) and Aman Ali Khan (merukhand).",1,6,== Singing career ==
http://dbpedia.org/ontology/MusicGenre,http://dbpedia.org/resource/Tempo,tempo,8577,101,0.9999960179377172,3.98108899581725e-06,"He developed his own gayaki (singing style), influenced by the styles of Abdul Waheed Khan (vilambit tempo), Rajab Ali Khan (taans) and Aman Ali Khan (merukhand).",1,6,== Singing career ==
http://www.w3.org/2002/07/owl#Thing,http://dbpedia.org/resource/Rajab_Ali_Khan,Rajab Ali Khan,8,109,1.0,0.0,"He developed his own gayaki (singing style), influenced by the styles of Abdul Waheed Khan (vilambit tempo), Rajab Ali Khan (taans) and Aman Ali Khan (merukhand).",1,6,== Singing career ==
http://dbpedia.org/class/yago/WikicatHindustaniInstrumentalists,http://dbpedia.org/resource/Rajab_Ali_Khan,Rajab Ali Khan,8,109,1.0,0.0,"He developed his own gayaki (singing style), influenced by the styles of Abdul Waheed Khan (vilambit tempo), Rajab Ali Khan (taans) and Aman Ali Khan (merukhand).",1,6,== Singing career ==
http://dbpedia.org/class/yago/WikicatHindustaniSingers,http://dbpedia.org/resource/Rajab_Ali_Khan,Rajab Ali Khan,8,109,1.0,0.0,"He developed his own gayaki (singing style), influenced by the styles of Abdul Waheed Khan (vilambit tempo), Rajab Ali Khan (taans) and Aman Ali Khan (merukhand).",1,6,== Singing career ==
http://dbpedia.org/class/yago/WikicatJalTarangPlayers,http://dbpedia.org/resource/Rajab_Ali_Khan,Rajab Ali Khan,8,109,1.0,0.0,"He developed his own gayaki (singing style), influenced by the styles of Abdul Waheed Khan (vilambit tempo), Rajab Ali Khan (taans) and Aman Ali Khan (merukhand).",1,6,== Singing career ==
http://dbpedia.org/class/yago/WikicatPeopleFromMadhyaPradesh,http://dbpedia.org/resource/Rajab_Ali_Khan,Rajab Ali Khan,8,109,1.0,0.0,"He developed his own gayaki (singing style), influenced by the styles of Abdul Waheed Khan (vilambit tempo), Rajab Ali Khan (taans) and Aman Ali Khan (merukhand).",1,6,== Singing career ==
http://dbpedia.org/ontology/MusicalArtist,http://dbpedia.org/resource/Rajab_Ali_Khan,Rajab Ali Khan,8,109,1.0,0.0,"He developed his own gayaki (singing style), influenced by the styles of Abdul Waheed Khan (vilambit tempo), Rajab Ali Khan (taans) and Aman Ali Khan (merukhand).",1,6,== Singing career ==
http://dbpedia.org/class/yago/YagoLegalActor,http://dbpedia.org/resource/Rajab_Ali_Khan,Rajab Ali Khan,8,109,1.0,0.0,"He developed his own gayaki (singing style), influenced by the styles of Abdul Waheed Khan (vilambit tempo), Rajab Ali Khan (taans) and Aman Ali Khan (merukhand).",1,6,== Singing career ==
http://dbpedia.org/class/yago/YagoLegalActorGeo,http://dbpedia.org/resource/Rajab_Ali_Khan,Rajab Ali Khan,8,109,1.0,0.0,"He developed his own gayaki (singing style), influenced by the styles of Abdul Waheed Khan (vilambit tempo), Rajab Ali Khan (taans) and Aman Ali Khan (merukhand).",1,6,== Singing career ==
http://dbpedia.org/class/yago/WikicatRudraVeenaPlayers,http://dbpedia.org/resource/Rajab_Ali_Khan,Rajab Ali Khan,8,109,1.0,0.0,"He developed his own gayaki (singing style), influenced by the styles of Abdul Waheed Khan (vilambit tempo), Rajab Ali Khan (taans) and Aman Ali Khan (merukhand).",1,6,== Singing career ==
http://dbpedia.org/class/yago/WikicatSitarPlayers,http://dbpedia.org/resource/Rajab_Ali_Khan,Rajab Ali Khan,8,109,1.0,0.0,"He developed his own gayaki (singing style), influenced by the styles of Abdul Waheed Khan (vilambit tempo), Rajab Ali Khan (taans) and Aman Ali Khan (merukhand).",1,6,== Singing career ==
http://dbpedia.org/class/yago/Artist109812338,http://dbpedia.org/resource/Rajab_Ali_Khan,Rajab Ali Khan,8,109,1.0,0.0,"He developed his own gayaki (singing style), influenced by the styles of Abdul Waheed Khan (vilambit tempo), Rajab Ali Khan (taans) and Aman Ali Khan (merukhand).",1,6,== Singing career ==
http://dbpedia.org/class/yago/CausalAgent100007347,http://dbpedia.org/resource/Rajab_Ali_Khan,Rajab Ali Khan,8,109,1.0,0.0,"He developed his own gayaki (singing style), influenced by the styles of Abdul Waheed Khan (vilambit tempo), Rajab Ali Khan (taans) and Aman Ali Khan (merukhand).",1,6,== Singing career ==
http://dbpedia.org/class/yago/Contestant109613191,http://dbpedia.org/resource/Rajab_Ali_Khan,Rajab Ali Khan,8,109,1.0,0.0,"He developed his own gayaki (singing style), influenced by the styles of Abdul Waheed Khan (vilambit tempo), Rajab Ali Khan (taans) and Aman Ali Khan (merukhand).",1,6,== Singing career ==
http://dbpedia.org/class/yago/Creator109614315,http://dbpedia.org/resource/Rajab_Ali_Khan,Rajab Ali Khan,8,109,1.0,0.0,"He developed his own gayaki (singing style), influenced by the styles of Abdul Waheed Khan (vilambit tempo), Rajab Ali Khan (taans) and Aman Ali Khan (merukhand).",1,6,== Singing career ==
http://dbpedia.org/class/yago/Entertainer109616922,http://dbpedia.org/resource/Rajab_Ali_Khan,Rajab Ali Khan,8,109,1.0,0.0,"He developed his own gayaki (singing style), influenced by the styles of Abdul Waheed Khan (vilambit tempo), Rajab Ali Khan (taans) and Aman Ali Khan (merukhand).",1,6,== Singing career ==
http://dbpedia.org/class/yago/LivingThing100004258,http://dbpedia.org/resource/Rajab_Ali_Khan,Rajab Ali Khan,8,109,1.0,0.0,"He developed his own gayaki (singing style), influenced by the styles of Abdul Waheed Khan (vilambit tempo), Rajab Ali Khan (taans) and Aman Ali Khan (merukhand).",1,6,== Singing career ==
http://dbpedia.org/class/yago/Musician110339966,http://dbpedia.org/resource/Rajab_Ali_Khan,Rajab Ali Khan,8,109,1.0,0.0,"He developed his own gayaki (singing style), influenced by the styles of Abdul Waheed Khan (vilambit tempo), Rajab Ali Khan (taans) and Aman Ali Khan (merukhand).",1,6,== Singing career ==
http://dbpedia.org/class/yago/Musician110340312,http://dbpedia.org/resource/Rajab_Ali_Khan,Rajab Ali Khan,8,109,1.0,0.0,"He developed his own gayaki (singing style), influenced by the styles of Abdul Waheed Khan (vilambit tempo), Rajab Ali Khan (taans) and Aman Ali Khan (merukhand).",1,6,== Singing career ==
http://dbpedia.org/class/yago/Object100002684,http://dbpedia.org/resource/Rajab_Ali_Khan,Rajab Ali Khan,8,109,1.0,0.0,"He developed his own gayaki (singing style), influenced by the styles of Abdul Waheed Khan (vilambit tempo), Rajab Ali Khan (taans) and Aman Ali Khan (merukhand).",1,6,== Singing career ==
http://dbpedia.org/class/yago/Organism100004475,http://dbpedia.org/resource/Rajab_Ali_Khan,Rajab Ali Khan,8,109,1.0,0.0,"He developed his own gayaki (singing style), influenced by the styles of Abdul Waheed Khan (vilambit tempo), Rajab Ali Khan (taans) and Aman Ali Khan (merukhand).",1,6,== Singing career ==
http://dbpedia.org/class/yago/Performer110415638,http://dbpedia.org/resource/Rajab_Ali_Khan,Rajab Ali Khan,8,109,1.0,0.0,"He developed his own gayaki (singing style), influenced by the styles of Abdul Waheed Khan (vilambit tempo), Rajab Ali Khan (taans) and Aman Ali Khan (merukhand).",1,6,== Singing career ==
http://dbpedia.org/class/yago/Person100007846,http://dbpedia.org/resource/Rajab_Ali_Khan,Rajab Ali Khan,8,109,1.0,0.0,"He developed his own gayaki (singing style), influenced by the styles of Abdul Waheed Khan (vilambit tempo), Rajab Ali Khan (taans) and Aman Ali Khan (merukhand).",1,6,== Singing career ==
http://dbpedia.org/class/yago/PhysicalEntity100001930,http://dbpedia.org/resource/Rajab_Ali_Khan,Rajab Ali Khan,8,109,1.0,0.0,"He developed his own gayaki (singing style), influenced by the styles of Abdul Waheed Khan (vilambit tempo), Rajab Ali Khan (taans) and Aman Ali Khan (merukhand).",1,6,== Singing career ==
http://dbpedia.org/class/yago/Player110439851,http://dbpedia.org/resource/Rajab_Ali_Khan,Rajab Ali Khan,8,109,1.0,0.0,"He developed his own gayaki (singing style), influenced by the styles of Abdul Waheed Khan (vilambit tempo), Rajab Ali Khan (taans) and Aman Ali Khan (merukhand).",1,6,== Singing career ==
http://dbpedia.org/class/yago/Singer110599806,http://dbpedia.org/resource/Rajab_Ali_Khan,Rajab Ali Khan,8,109,1.0,0.0,"He developed his own gayaki (singing style), influenced by the styles of Abdul Waheed Khan (vilambit tempo), Rajab Ali Khan (taans) and Aman Ali Khan (merukhand).",1,6,== Singing career ==
http://dbpedia.org/class/yago/SitarPlayer110603851,http://dbpedia.org/resource/Rajab_Ali_Khan,Rajab Ali Khan,8,109,1.0,0.0,"He developed his own gayaki (singing style), influenced by the styles of Abdul Waheed Khan (vilambit tempo), Rajab Ali Khan (taans) and Aman Ali Khan (merukhand).",1,6,== Singing career ==
http://dbpedia.org/class/yago/Whole100003553,http://dbpedia.org/resource/Rajab_Ali_Khan,Rajab Ali Khan,8,109,1.0,0.0,"He developed his own gayaki (singing style), influenced by the styles of Abdul Waheed Khan (vilambit tempo), Rajab Ali Khan (taans) and Aman Ali Khan (merukhand).",1,6,== Singing career ==
http://dbpedia.org/class/yago/Wikicat20th-centurySingers,http://dbpedia.org/resource/Rajab_Ali_Khan,Rajab Ali Khan,8,109,1.0,0.0,"He developed his own gayaki (singing style), influenced by the styles of Abdul Waheed Khan (vilambit tempo), Rajab Ali Khan (taans) and Aman Ali Khan (merukhand).",1,6,== Singing career ==
http://dbpedia.org/ontology/TopicalConcept,http://dbpedia.org/resource/Taan_(music),taans,43,125,0.9775515294483064,0.0,"He developed his own gayaki (singing style), influenced by the styles of Abdul Waheed Khan (vilambit tempo), Rajab Ali Khan (taans) and Aman Ali Khan (merukhand).",1,6,== Singing career ==
http://www.w3.org/2002/07/owl#Thing,http://dbpedia.org/resource/Aman_Ali_Khan,Aman Ali Khan,12,136,1.0,6.575568957513742e-28,"He developed his own gayaki (singing style), influenced by the styles of Abdul Waheed Khan (vilambit tempo), Rajab Ali Khan (taans) and Aman Ali Khan (merukhand).",1,6,== Singing career ==
http://dbpedia.org/class/yago/WikicatHindustaniSingers,http://dbpedia.org/resource/Aman_Ali_Khan,Aman Ali Khan,12,136,1.0,6.575568957513742e-28,"He developed his own gayaki (singing style), influenced by the styles of Abdul Waheed Khan (vilambit tempo), Rajab Ali Khan (taans) and Aman Ali Khan (merukhand).",1,6,== Singing career ==
http://dbpedia.org/class/yago/WikicatIndianClassicalSingers,http://dbpedia.org/resource/Aman_Ali_Khan,Aman Ali Khan,12,136,1.0,6.575568957513742e-28,"He developed his own gayaki (singing style), influenced by the styles of Abdul Waheed Khan (vilambit tempo), Rajab Ali Khan (taans) and Aman Ali Khan (merukhand).",1,6,== Singing career ==
http://dbpedia.org/class/yago/WikicatPeopleFromUttarPradesh,http://dbpedia.org/resource/Aman_Ali_Khan,Aman Ali Khan,12,136,1.0,6.575568957513742e-28,"He developed his own gayaki (singing style), influenced by the styles of Abdul Waheed Khan (vilambit tempo), Rajab Ali Khan (taans) and Aman Ali Khan (merukhand).",1,6,== Singing career ==
http://dbpedia.org/ontology/MusicalArtist,http://dbpedia.org/resource/Aman_Ali_Khan,Aman Ali Khan,12,136,1.0,6.575568957513742e-28,"He developed his own gayaki (singing style), influenced by the styles of Abdul Waheed Khan (vilambit tempo), Rajab Ali Khan (taans) and Aman Ali Khan (merukhand).",1,6,== Singing career ==
http://dbpedia.org/class/yago/YagoLegalActor,http://dbpedia.org/resource/Aman_Ali_Khan,Aman Ali Khan,12,136,1.0,6.575568957513742e-28,"He developed his own gayaki (singing style), influenced by the styles of Abdul Waheed Khan (vilambit tempo), Rajab Ali Khan (taans) and Aman Ali Khan (merukhand).",1,6,== Singing career ==
http://dbpedia.org/class/yago/YagoLegalActorGeo,http://dbpedia.org/resource/Aman_Ali_Khan,Aman Ali Khan,12,136,1.0,6.575568957513742e-28,"He developed his own gayaki (singing style), influenced by the styles of Abdul Waheed Khan (vilambit tempo), Rajab Ali Khan (taans) and Aman Ali Khan (merukhand).",1,6,== Singing career ==
http://dbpedia.org/class/yago/Artist109812338,http://dbpedia.org/resource/Aman_Ali_Khan,Aman Ali Khan,12,136,1.0,6.575568957513742e-28,"He developed his own gayaki (singing style), influenced by the styles of Abdul Waheed Khan (vilambit tempo), Rajab Ali Khan (taans) and Aman Ali Khan (merukhand).",1,6,== Singing career ==
http://dbpedia.org/class/yago/CausalAgent100007347,http://dbpedia.org/resource/Aman_Ali_Khan,Aman Ali Khan,12,136,1.0,6.575568957513742e-28,"He developed his own gayaki (singing style), influenced by the styles of Abdul Waheed Khan (vilambit tempo), Rajab Ali Khan (taans) and Aman Ali Khan (merukhand).",1,6,== Singing career ==
http://dbpedia.org/class/yago/Creator109614315,http://dbpedia.org/resource/Aman_Ali_Khan,Aman Ali Khan,12,136,1.0,6.575568957513742e-28,"He developed his own gayaki (singing style), influenced by the styles of Abdul Waheed Khan (vilambit tempo), Rajab Ali Khan (taans) and Aman Ali Khan (merukhand).",1,6,== Singing career ==
http://dbpedia.org/class/yago/Entertainer109616922,http://dbpedia.org/resource/Aman_Ali_Khan,Aman Ali Khan,12,136,1.0,6.575568957513742e-28,"He developed his own gayaki (singing style), influenced by the styles of Abdul Waheed Khan (vilambit tempo), Rajab Ali Khan (taans) and Aman Ali Khan (merukhand).",1,6,== Singing career ==
http://dbpedia.org/class/yago/LivingThing100004258,http://dbpedia.org/resource/Aman_Ali_Khan,Aman Ali Khan,12,136,1.0,6.575568957513742e-28,"He developed his own gayaki (singing style), influenced by the styles of Abdul Waheed Khan (vilambit tempo), Rajab Ali Khan (taans) and Aman Ali Khan (merukhand).",1,6,== Singing career ==
http://dbpedia.org/class/yago/Musician110339966,http://dbpedia.org/resource/Aman_Ali_Khan,Aman Ali Khan,12,136,1.0,6.575568957513742e-28,"He developed his own gayaki (singing style), influenced by the styles of Abdul Waheed Khan (vilambit tempo), Rajab Ali Khan (taans) and Aman Ali Khan (merukhand).",1,6,== Singing career ==
http://dbpedia.org/class/yago/Musician110340312,http://dbpedia.org/resource/Aman_Ali_Khan,Aman Ali Khan,12,136,1.0,6.575568957513742e-28,"He developed his own gayaki (singing style), influenced by the styles of Abdul Waheed Khan (vilambit tempo), Rajab Ali Khan (taans) and Aman Ali Khan (merukhand).",1,6,== Singing career ==
http://dbpedia.org/class/yago/Object100002684,http://dbpedia.org/resource/Aman_Ali_Khan,Aman Ali Khan,12,136,1.0,6.575568957513742e-28,"He developed his own gayaki (singing style), influenced by the styles of Abdul Waheed Khan (vilambit tempo), Rajab Ali Khan (taans) and Aman Ali Khan (merukhand).",1,6,== Singing career ==
http://dbpedia.org/class/yago/Organism100004475,http://dbpedia.org/resource/Aman_Ali_Khan,Aman Ali Khan,12,136,1.0,6.575568957513742e-28,"He developed his own gayaki (singing style), influenced by the styles of Abdul Waheed Khan (vilambit tempo), Rajab Ali Khan (taans) and Aman Ali Khan (merukhand).",1,6,== Singing career ==
http://dbpedia.org/class/yago/Performer110415638,http://dbpedia.org/resource/Aman_Ali_Khan,Aman Ali Khan,12,136,1.0,6.575568957513742e-28,"He developed his own gayaki (singing style), influenced by the styles of Abdul Waheed Khan (vilambit tempo), Rajab Ali Khan (taans) and Aman Ali Khan (merukhand).",1,6,== Singing career ==
http://dbpedia.org/class/yago/Person100007846,http://dbpedia.org/resource/Aman_Ali_Khan,Aman Ali Khan,12,136,1.0,6.575568957513742e-28,"He developed his own gayaki (singing style), influenced by the styles of Abdul Waheed Khan (vilambit tempo), Rajab Ali Khan (taans) and Aman Ali Khan (merukhand).",1,6,== Singing career ==
http://dbpedia.org/class/yago/PhysicalEntity100001930,http://dbpedia.org/resource/Aman_Ali_Khan,Aman Ali Khan,12,136,1.0,6.575568957513742e-28,"He developed his own gayaki (singing style), influenced by the styles of Abdul Waheed Khan (vilambit tempo), Rajab Ali Khan (taans) and Aman Ali Khan (merukhand).",1,6,== Singing career ==
http://dbpedia.org/class/yago/Singer110599806,http://dbpedia.org/resource/Aman_Ali_Khan,Aman Ali Khan,12,136,1.0,6.575568957513742e-28,"He developed his own gayaki (singing style), influenced by the styles of Abdul Waheed Khan (vilambit tempo), Rajab Ali Khan (taans) and Aman Ali Khan (merukhand).",1,6,== Singing career ==
http://dbpedia.org/class/yago/Whole100003553,http://dbpedia.org/resource/Aman_Ali_Khan,Aman Ali Khan,12,136,1.0,6.575568957513742e-28,"He developed his own gayaki (singing style), influenced by the styles of Abdul Waheed Khan (vilambit tempo), Rajab Ali Khan (taans) and Aman Ali Khan (merukhand).",1,6,== Singing career ==
http://dbpedia.org/class/yago/WikicatIndianStylesOfMusic,http://dbpedia.org/resource/Merukhand,merukhand,5,151,1.0,0.0,"He developed his own gayaki (singing style), influenced by the styles of Abdul Waheed Khan (vilambit tempo), Rajab Ali Khan (taans) and Aman Ali Khan (merukhand).",1,6,== Singing career ==
http://dbpedia.org/class/yago/Abstraction100002137,http://dbpedia.org/resource/Merukhand,merukhand,5,151,1.0,0.0,"He developed his own gayaki (singing style), influenced by the styles of Abdul Waheed Khan (vilambit tempo), Rajab Ali Khan (taans) and Aman Ali Khan (merukhand).",1,6,== Singing career ==
http://dbpedia.org/class/yago/Attribute100024264,http://dbpedia.org/resource/Merukhand,merukhand,5,151,1.0,0.0,"He developed his own gayaki (singing style), influenced by the styles of Abdul Waheed Khan (vilambit tempo), Rajab Ali Khan (taans) and Aman Ali Khan (merukhand).",1,6,== Singing career ==
http://dbpedia.org/class/yago/Manner104928903,http://dbpedia.org/resource/Merukhand,merukhand,5,151,1.0,0.0,"He developed his own gayaki (singing style), influenced by the styles of Abdul Waheed Khan (vilambit tempo), Rajab Ali Khan (taans) and Aman Ali Khan (merukhand).",1,6,== Singing career ==
http://dbpedia.org/class/yago/Property104916342,http://dbpedia.org/resource/Merukhand,merukhand,5,151,1.0,0.0,"He developed his own gayaki (singing style), influenced by the styles of Abdul Waheed Khan (vilambit tempo), Rajab Ali Khan (taans) and Aman Ali Khan (merukhand).",1,6,== Singing career ==
http://www.w3.org/2002/07/owl#Thing,http://dbpedia.org/resource/Gharana,Gharana,398,39,1.0,7.473881714800472e-17,"This unique style, known as the Indore Gharana, blends the spiritual flavour and grandeur of dhrupad with the ornate vividness of khyal.",2,6,== Singing career ==
http://dbpedia.org/class/yago/Abstraction100002137,http://dbpedia.org/resource/Gharana,Gharana,398,39,1.0,7.473881714800472e-17,"This unique style, known as the Indore Gharana, blends the spiritual flavour and grandeur of dhrupad with the ornate vividness of khyal.",2,6,== Singing career ==
http://dbpedia.org/class/yago/AuditoryCommunication107109019,http://dbpedia.org/resource/Gharana,Gharana,398,39,1.0,7.473881714800472e-17,"This unique style, known as the Indore Gharana, blends the spiritual flavour and grandeur of dhrupad with the ornate vividness of khyal.",2,6,== Singing career ==
http://dbpedia.org/class/yago/ClassicalMusic107025900,http://dbpedia.org/resource/Gharana,Gharana,398,39,1.0,7.473881714800472e-17,"This unique style, known as the Indore Gharana, blends the spiritual flavour and grandeur of dhrupad with the ornate vividness of khyal.",2,6,== Singing career ==
http://dbpedia.org/class/yago/Communication100033020,http://dbpedia.org/resource/Gharana,Gharana,398,39,1.0,7.473881714800472e-17,"This unique style, known as the Indore Gharana, blends the spiritual flavour and grandeur of dhrupad with the ornate vividness of khyal.",2,6,== Singing career ==
http://dbpedia.org/class/yago/ExpressiveStyle107066659,http://dbpedia.org/resource/Gharana,Gharana,398,39,1.0,7.473881714800472e-17,"This unique style, known as the Indore Gharana, blends the spiritual flavour and grandeur of dhrupad with the ornate vividness of khyal.",2,6,== Singing career ==
http://dbpedia.org/class/yago/Music107020895,http://dbpedia.org/resource/Gharana,Gharana,398,39,1.0,7.473881714800472e-17,"This unique style, known as the Indore Gharana, blends the spiritual flavour and grandeur of dhrupad with the ornate vividness of khyal.",2,6,== Singing career ==
http://dbpedia.org/class/yago/MusicGenre107071942,http://dbpedia.org/resource/Gharana,Gharana,398,39,1.0,7.473881714800472e-17,"This unique style, known as the Indore Gharana, blends the spiritual flavour and grandeur of dhrupad with the ornate vividness of khyal.",2,6,== Singing career ==
http://www.w3.org/2002/07/owl#Thing,http://dbpedia.org/resource/Dhrupad,dhrupad,401,93,1.0,0.0,"This unique style, known as the Indore Gharana, blends the spiritual flavour and grandeur of dhrupad with the ornate vividness of khyal.",2,6,== Singing career ==
http://dbpedia.org/ontology/MusicGenre,http://dbpedia.org/resource/Dhrupad,dhrupad,401,93,1.0,0.0,"This unique style, known as the Indore Gharana, blends the spiritual flavour and grandeur of dhrupad with the ornate vividness of khyal.",2,6,== Singing career ==
http://dbpedia.org/class/yago/WikicatIndianStylesOfMusic,http://dbpedia.org/resource/Dhrupad,dhrupad,401,93,1.0,0.0,"This unique style, known as the Indore Gharana, blends the spiritual flavour and grandeur of dhrupad with the ornate vividness of khyal.",2,6,== Singing career ==
http://dbpedia.org/class/yago/WikicatMusicGenres,http://dbpedia.org/resource/Dhrupad,dhrupad,401,93,1.0,0.0,"This unique style, known as the Indore Gharana, blends the spiritual flavour and grandeur of dhrupad with the ornate vividness of khyal.",2,6,== Singing career ==
http://dbpedia.org/class/yago/Abstraction100002137,http://dbpedia.org/resource/Dhrupad,dhrupad,401,93,1.0,0.0,"This unique style, known as the Indore Gharana, blends the spiritual flavour and grandeur of dhrupad with the ornate vividness of khyal.",2,6,== Singing career ==
http://dbpedia.org/class/yago/Attribute100024264,http://dbpedia.org/resource/Dhrupad,dhrupad,401,93,1.0,0.0,"This unique style, known as the Indore Gharana, blends the spiritual flavour and grandeur of dhrupad with the ornate vividness of khyal.",2,6,== Singing career ==
http://dbpedia.org/class/yago/AuditoryCommunication107109019,http://dbpedia.org/resource/Dhrupad,dhrupad,401,93,1.0,0.0,"This unique style, known as the Indore Gharana, blends the spiritual flavour and grandeur of dhrupad with the ornate vividness of khyal.",2,6,== Singing career ==
http://dbpedia.org/class/yago/ClassicalMusic107025900,http://dbpedia.org/resource/Dhrupad,dhrupad,401,93,1.0,0.0,"This unique style, known as the Indore Gharana, blends the spiritual flavour and grandeur of dhrupad with the ornate vividness of khyal.",2,6,== Singing career ==
http://dbpedia.org/class/yago/Communication100033020,http://dbpedia.org/resource/Dhrupad,dhrupad,401,93,1.0,0.0,"This unique style, known as the Indore Gharana, blends the spiritual flavour and grandeur of dhrupad with the ornate vividness of khyal.",2,6,== Singing career ==
http://dbpedia.org/class/yago/ExpressiveStyle107066659,http://dbpedia.org/resource/Dhrupad,dhrupad,401,93,1.0,0.0,"This unique style, known as the Indore Gharana, blends the spiritual flavour and grandeur of dhrupad with the ornate vividness of khyal.",2,6,== Singing career ==
http://dbpedia.org/class/yago/Manner104928903,http://dbpedia.org/resource/Dhrupad,dhrupad,401,93,1.0,0.0,"This unique style, known as the Indore Gharana, blends the spiritual flavour and grandeur of dhrupad with the ornate vividness of khyal.",2,6,== Singing career ==
http://dbpedia.org/class/yago/Music107020895,http://dbpedia.org/resource/Dhrupad,dhrupad,401,93,1.0,0.0,"This unique style, known as the Indore Gharana, blends the spiritual flavour and grandeur of dhrupad with the ornate vividness of khyal.",2,6,== Singing career ==
http://dbpedia.org/class/yago/MusicGenre107071942,http://dbpedia.org/resource/Dhrupad,dhrupad,401,93,1.0,0.0,"This unique style, known as the Indore Gharana, blends the spiritual flavour and grandeur of dhrupad with the ornate vividness of khyal.",2,6,== Singing career ==
http://dbpedia.org/class/yago/Property104916342,http://dbpedia.org/resource/Dhrupad,dhrupad,401,93,1.0,0.0,"This unique style, known as the Indore Gharana, blends the spiritual flavour and grandeur of dhrupad with the ornate vividness of khyal.",2,6,== Singing career ==
http://www.w3.org/2002/07/owl#Thing,http://dbpedia.org/resource/Khyal,khyal,324,130,1.0,0.0,"This unique style, known as the Indore Gharana, blends the spiritual flavour and grandeur of dhrupad with the ornate vividness of khyal.",2,6,== Singing career ==
http://dbpedia.org/ontology/MusicGenre,http://dbpedia.org/resource/Khyal,khyal,324,130,1.0,0.0,"This unique style, known as the Indore Gharana, blends the spiritual flavour and grandeur of dhrupad with the ornate vividness of khyal.",2,6,== Singing career ==
http://dbpedia.org/class/yago/WikicatIndianStylesOfMusic,http://dbpedia.org/resource/Khyal,khyal,324,130,1.0,0.0,"This unique style, known as the Indore Gharana, blends the spiritual flavour and grandeur of dhrupad with the ornate vividness of khyal.",2,6,== Singing career ==
http://dbpedia.org/class/yago/WikicatMusicGenres,http://dbpedia.org/resource/Khyal,khyal,324,130,1.0,0.0,"This unique style, known as the Indore Gharana, blends the spiritual flavour and grandeur of dhrupad with the ornate vividness of khyal.",2,6,== Singing career ==
http://dbpedia.org/class/yago/Abstraction100002137,http://dbpedia.org/resource/Khyal,khyal,324,130,1.0,0.0,"This unique style, known as the Indore Gharana, blends the spiritual flavour and grandeur of dhrupad with the ornate vividness of khyal.",2,6,== Singing career ==
http://dbpedia.org/class/yago/Attribute100024264,http://dbpedia.org/resource/Khyal,khyal,324,130,1.0,0.0,"This unique style, known as the Indore Gharana, blends the spiritual flavour and grandeur of dhrupad with the ornate vividness of khyal.",2,6,== Singing career ==
http://dbpedia.org/class/yago/AuditoryCommunication107109019,http://dbpedia.org/resource/Khyal,khyal,324,130,1.0,0.0,"This unique style, known as the Indore Gharana, blends the spiritual flavour and grandeur of dhrupad with the ornate vividness of khyal.",2,6,== Singing career ==
http://dbpedia.org/class/yago/ClassicalMusic107025900,http://dbpedia.org/resource/Khyal,khyal,324,130,1.0,0.0,"This unique style, known as the Indore Gharana, blends the spiritual flavour and grandeur of dhrupad with the ornate vividness of khyal.",2,6,== Singing career ==
http://dbpedia.org/class/yago/Communication100033020,http://dbpedia.org/resource/Khyal,khyal,324,130,1.0,0.0,"This unique style, known as the Indore Gharana, blends the spiritual flavour and grandeur of dhrupad with the ornate vividness of khyal.",2,6,== Singing career ==
http://dbpedia.org/class/yago/ExpressiveStyle107066659,http://dbpedia.org/resource/Khyal,khyal,324,130,1.0,0.0,"This unique style, known as the Indore Gharana, blends the spiritual flavour and grandeur of dhrupad with the ornate vividness of khyal.",2,6,== Singing career ==
http://dbpedia.org/class/yago/Manner104928903,http://dbpedia.org/resource/Khyal,khyal,324,130,1.0,0.0,"This unique style, known as the Indore Gharana, blends the spiritual flavour and grandeur of dhrupad with the ornate vividness of khyal.",2,6,== Singing career ==
http://dbpedia.org/class/yago/Music107020895,http://dbpedia.org/resource/Khyal,khyal,324,130,1.0,0.0,"This unique style, known as the Indore Gharana, blends the spiritual flavour and grandeur of dhrupad with the ornate vividness of khyal.",2,6,== Singing career ==
http://dbpedia.org/class/yago/MusicGenre107071942,http://dbpedia.org/resource/Khyal,khyal,324,130,1.0,0.0,"This unique style, known as the Indore Gharana, blends the spiritual flavour and grandeur of dhrupad with the ornate vividness of khyal.",2,6,== Singing career ==
http://dbpedia.org/class/yago/Property104916342,http://dbpedia.org/resource/Khyal,khyal,324,130,1.0,0.0,"This unique style, known as the Indore Gharana, blends the spiritual flavour and grandeur of dhrupad with the ornate vividness of khyal.",2,6,== Singing career ==
http://www.w3.org/2002/07/owl#Thing,http://dbpedia.org/resource/Emotion,emotion,4616,58,0.9984186363199412,0.0015838681096033,"The style he evolved was a unique fusion of intellect and emotion, of technique and temperament, of talent and imagination.",3,6,== Singing career ==
http://dbpedia.org/ontology/MusicGenre,http://dbpedia.org/resource/Emotion,emotion,4616,58,0.9984186363199412,0.0015838681096033,"The style he evolved was a unique fusion of intellect and emotion, of technique and temperament, of talent and imagination.",3,6,== Singing career ==
http://www.w3.org/2002/07/owl#Thing,http://dbpedia.org/resource/Emir,Amir,3180,0,0.9867867521637224,0.012619794851303,Amir Khansahib had a rich baritone open-throated voice with a three-octave range.,5,6,== Singing career ==
http://www.w3.org/2002/07/owl#Thing,http://dbpedia.org/resource/Baritone,baritone,4257,26,0.9999976979758068,2.1073853343662743e-06,Amir Khansahib had a rich baritone open-throated voice with a three-octave range.,5,6,== Singing career ==
http://dbpedia.org/ontology/Person,http://dbpedia.org/resource/Baritone,baritone,4257,26,0.9999976979758068,2.1073853343662743e-06,Amir Khansahib had a rich baritone open-throated voice with a three-octave range.,5,6,== Singing career ==
http://www.w3.org/2002/07/owl#Thing,http://dbpedia.org/resource/Tempo,tempo,8577,92,0.9999755979402386,2.440265521360212e-05,"He presented an aesthetically detailed badhat (progression) in ati-vilambit laya (very slow tempo) using bol-alap with merukhandi patterns, followed by gradually speeding up ""floating"" sargams with various ornamentations, taans and bol-taans with complex and unpredictable movements and jumps while preserving the raga structure, and finally a madhyalaya or drut laya (medium or fast tempo) chhota khyal or a ruba'idar tarana.",7,6,== Singing career ==
http://dbpedia.org/ontology/Person,http://dbpedia.org/resource/Tempo,tempo,8577,92,0.9999755979402386,2.440265521360212e-05,"He presented an aesthetically detailed badhat (progression) in ati-vilambit laya (very slow tempo) using bol-alap with merukhandi patterns, followed by gradually speeding up ""floating"" sargams with various ornamentations, taans and bol-taans with complex and unpredictable movements and jumps while preserving the raga structure, and finally a madhyalaya or drut laya (medium or fast tempo) chhota khyal or a ruba'idar tarana.",7,6,== Singing career ==
http://dbpedia.org/ontology/MusicGenre,http://dbpedia.org/resource/Tempo,tempo,8577,92,0.9999755979402386,2.440265521360212e-05,"He presented an aesthetically detailed badhat (progression) in ati-vilambit laya (very slow tempo) using bol-alap with merukhandi patterns, followed by gradually speeding up ""floating"" sargams with various ornamentations, taans and bol-taans with complex and unpredictable movements and jumps while preserving the raga structure, and finally a madhyalaya or drut laya (medium or fast tempo) chhota khyal or a ruba'idar tarana.",7,6,== Singing career ==
http://dbpedia.org/ontology/TopicalConcept,http://dbpedia.org/resource/Taan_(music),taans,43,222,0.9775515294483064,0.0,"He presented an aesthetically detailed badhat (progression) in ati-vilambit laya (very slow tempo) using bol-alap with merukhandi patterns, followed by gradually speeding up ""floating"" sargams with various ornamentations, taans and bol-taans with complex and unpredictable movements and jumps while preserving the raga structure, and finally a madhyalaya or drut laya (medium or fast tempo) chhota khyal or a ruba'idar tarana.",7,6,== Singing career ==
http://www.w3.org/2002/07/owl#Thing,http://dbpedia.org/resource/Raga,raga,2612,314,1.0,1.5453776054791033e-35,"He presented an aesthetically detailed badhat (progression) in ati-vilambit laya (very slow tempo) using bol-alap with merukhandi patterns, followed by gradually speeding up ""floating"" sargams with various ornamentations, taans and bol-taans with complex and unpredictable movements and jumps while preserving the raga structure, and finally a madhyalaya or drut laya (medium or fast tempo) chhota khyal or a ruba'idar tarana.",7,6,== Singing career ==
http://dbpedia.org/ontology/PublicTransitSystem,http://dbpedia.org/resource/Raga,raga,2612,314,1.0,1.5453776054791033e-35,"He presented an aesthetically detailed badhat (progression) in ati-vilambit laya (very slow tempo) using bol-alap with merukhandi patterns, followed by gradually speeding up ""floating"" sargams with various ornamentations, taans and bol-taans with complex and unpredictable movements and jumps while preserving the raga structure, and finally a madhyalaya or drut laya (medium or fast tempo) chhota khyal or a ruba'idar tarana.",7,6,== Singing career ==
http://dbpedia.org/ontology/MusicGenre,http://dbpedia.org/resource/Raga,raga,2612,314,1.0,1.5453776054791033e-35,"He presented an aesthetically detailed badhat (progression) in ati-vilambit laya (very slow tempo) using bol-alap with merukhandi patterns, followed by gradually speeding up ""floating"" sargams with various ornamentations, taans and bol-taans with complex and unpredictable movements and jumps while preserving the raga structure, and finally a madhyalaya or drut laya (medium or fast tempo) chhota khyal or a ruba'idar tarana.",7,6,== Singing career ==
http://dbpedia.org/class/yago/Writing106359877,http://dbpedia.org/resource/Raga,raga,2612,314,1.0,1.5453776054791033e-35,"He presented an aesthetically detailed badhat (progression) in ati-vilambit laya (very slow tempo) using bol-alap with merukhandi patterns, followed by gradually speeding up ""floating"" sargams with various ornamentations, taans and bol-taans with complex and unpredictable movements and jumps while preserving the raga structure, and finally a madhyalaya or drut laya (medium or fast tempo) chhota khyal or a ruba'idar tarana.",7,6,== Singing career ==
http://dbpedia.org/class/yago/WrittenCommunication106349220,http://dbpedia.org/resource/Raga,raga,2612,314,1.0,1.5453776054791033e-35,"He presented an aesthetically detailed badhat (progression) in ati-vilambit laya (very slow tempo) using bol-alap with merukhandi patterns, followed by gradually speeding up ""floating"" sargams with various ornamentations, taans and bol-taans with complex and unpredictable movements and jumps while preserving the raga structure, and finally a madhyalaya or drut laya (medium or fast tempo) chhota khyal or a ruba'idar tarana.",7,6,== Singing career ==
http://dbpedia.org/class/yago/WikicatModes,http://dbpedia.org/resource/Raga,raga,2612,314,1.0,1.5453776054791033e-35,"He presented an aesthetically detailed badhat (progression) in ati-vilambit laya (very slow tempo) using bol-alap with merukhandi patterns, followed by gradually speeding up ""floating"" sargams with various ornamentations, taans and bol-taans with complex and unpredictable movements and jumps while preserving the raga structure, and finally a madhyalaya or drut laya (medium or fast tempo) chhota khyal or a ruba'idar tarana.",7,6,== Singing career ==
http://dbpedia.org/class/yago/WikicatMusicGenres,http://dbpedia.org/resource/Raga,raga,2612,314,1.0,1.5453776054791033e-35,"He presented an aesthetically detailed badhat (progression) in ati-vilambit laya (very slow tempo) using bol-alap with merukhandi patterns, followed by gradually speeding up ""floating"" sargams with various ornamentations, taans and bol-taans with complex and unpredictable movements and jumps while preserving the raga structure, and finally a madhyalaya or drut laya (medium or fast tempo) chhota khyal or a ruba'idar tarana.",7,6,== Singing career ==
http://dbpedia.org/class/yago/WikicatMusicalScales,http://dbpedia.org/resource/Raga,raga,2612,314,1.0,1.5453776054791033e-35,"He presented an aesthetically detailed badhat (progression) in ati-vilambit laya (very slow tempo) using bol-alap with merukhandi patterns, followed by gradually speeding up ""floating"" sargams with various ornamentations, taans and bol-taans with complex and unpredictable movements and jumps while preserving the raga structure, and finally a madhyalaya or drut laya (medium or fast tempo) chhota khyal or a ruba'idar tarana.",7,6,== Singing career ==
http://dbpedia.org/class/yago/Abstraction100002137,http://dbpedia.org/resource/Raga,raga,2612,314,1.0,1.5453776054791033e-35,"He presented an aesthetically detailed badhat (progression) in ati-vilambit laya (very slow tempo) using bol-alap with merukhandi patterns, followed by gradually speeding up ""floating"" sargams with various ornamentations, taans and bol-taans with complex and unpredictable movements and jumps while preserving the raga structure, and finally a madhyalaya or drut laya (medium or fast tempo) chhota khyal or a ruba'idar tarana.",7,6,== Singing career ==
http://dbpedia.org/class/yago/Attribute100024264,http://dbpedia.org/resource/Raga,raga,2612,314,1.0,1.5453776054791033e-35,"He presented an aesthetically detailed badhat (progression) in ati-vilambit laya (very slow tempo) using bol-alap with merukhandi patterns, followed by gradually speeding up ""floating"" sargams with various ornamentations, taans and bol-taans with complex and unpredictable movements and jumps while preserving the raga structure, and finally a madhyalaya or drut laya (medium or fast tempo) chhota khyal or a ruba'idar tarana.",7,6,== Singing career ==
http://dbpedia.org/class/yago/AuditoryCommunication107109019,http://dbpedia.org/resource/Raga,raga,2612,314,1.0,1.5453776054791033e-35,"He presented an aesthetically detailed badhat (progression) in ati-vilambit laya (very slow tempo) using bol-alap with merukhandi patterns, followed by gradually speeding up ""floating"" sargams with various ornamentations, taans and bol-taans with complex and unpredictable movements and jumps while preserving the raga structure, and finally a madhyalaya or drut laya (medium or fast tempo) chhota khyal or a ruba'idar tarana.",7,6,== Singing career ==
http://dbpedia.org/class/yago/Communication100033020,http://dbpedia.org/resource/Raga,raga,2612,314,1.0,1.5453776054791033e-35,"He presented an aesthetically detailed badhat (progression) in ati-vilambit laya (very slow tempo) using bol-alap with merukhandi patterns, followed by gradually speeding up ""floating"" sargams with various ornamentations, taans and bol-taans with complex and unpredictable movements and jumps while preserving the raga structure, and finally a madhyalaya or drut laya (medium or fast tempo) chhota khyal or a ruba'idar tarana.",7,6,== Singing career ==
http://dbpedia.org/class/yago/ExpressiveStyle107066659,http://dbpedia.org/resource/Raga,raga,2612,314,1.0,1.5453776054791033e-35,"He presented an aesthetically detailed badhat (progression) in ati-vilambit laya (very slow tempo) using bol-alap with merukhandi patterns, followed by gradually speeding up ""floating"" sargams with various ornamentations, taans and bol-taans with complex and unpredictable movements and jumps while preserving the raga structure, and finally a madhyalaya or drut laya (medium or fast tempo) chhota khyal or a ruba'idar tarana.",7,6,== Singing career ==
http://dbpedia.org/class/yago/Manner104928903,http://dbpedia.org/resource/Raga,raga,2612,314,1.0,1.5453776054791033e-35,"He presented an aesthetically detailed badhat (progression) in ati-vilambit laya (very slow tempo) using bol-alap with merukhandi patterns, followed by gradually speeding up ""floating"" sargams with various ornamentations, taans and bol-taans with complex and unpredictable movements and jumps while preserving the raga structure, and finally a madhyalaya or drut laya (medium or fast tempo) chhota khyal or a ruba'idar tarana.",7,6,== Singing career ==
http://dbpedia.org/class/yago/Music107020895,http://dbpedia.org/resource/Raga,raga,2612,314,1.0,1.5453776054791033e-35,"He presented an aesthetically detailed badhat (progression) in ati-vilambit laya (very slow tempo) using bol-alap with merukhandi patterns, followed by gradually speeding up ""floating"" sargams with various ornamentations, taans and bol-taans with complex and unpredictable movements and jumps while preserving the raga structure, and finally a madhyalaya or drut laya (medium or fast tempo) chhota khyal or a ruba'idar tarana.",7,6,== Singing career ==
http://dbpedia.org/class/yago/MusicGenre107071942,http://dbpedia.org/resource/Raga,raga,2612,314,1.0,1.5453776054791033e-35,"He presented an aesthetically detailed badhat (progression) in ati-vilambit laya (very slow tempo) using bol-alap with merukhandi patterns, followed by gradually speeding up ""floating"" sargams with various ornamentations, taans and bol-taans with complex and unpredictable movements and jumps while preserving the raga structure, and finally a madhyalaya or drut laya (medium or fast tempo) chhota khyal or a ruba'idar tarana.",7,6,== Singing career ==
http://dbpedia.org/class/yago/MusicalNotation106814870,http://dbpedia.org/resource/Raga,raga,2612,314,1.0,1.5453776054791033e-35,"He presented an aesthetically detailed badhat (progression) in ati-vilambit laya (very slow tempo) using bol-alap with merukhandi patterns, followed by gradually speeding up ""floating"" sargams with various ornamentations, taans and bol-taans with complex and unpredictable movements and jumps while preserving the raga structure, and finally a madhyalaya or drut laya (medium or fast tempo) chhota khyal or a ruba'idar tarana.",7,6,== Singing career ==
http://dbpedia.org/class/yago/Notation106808493,http://dbpedia.org/resource/Raga,raga,2612,314,1.0,1.5453776054791033e-35,"He presented an aesthetically detailed badhat (progression) in ati-vilambit laya (very slow tempo) using bol-alap with merukhandi patterns, followed by gradually speeding up ""floating"" sargams with various ornamentations, taans and bol-taans with complex and unpredictable movements and jumps while preserving the raga structure, and finally a madhyalaya or drut laya (medium or fast tempo) chhota khyal or a ruba'idar tarana.",7,6,== Singing career ==
http://dbpedia.org/class/yago/Property104916342,http://dbpedia.org/resource/Raga,raga,2612,314,1.0,1.5453776054791033e-35,"He presented an aesthetically detailed badhat (progression) in ati-vilambit laya (very slow tempo) using bol-alap with merukhandi patterns, followed by gradually speeding up ""floating"" sargams with various ornamentations, taans and bol-taans with complex and unpredictable movements and jumps while preserving the raga structure, and finally a madhyalaya or drut laya (medium or fast tempo) chhota khyal or a ruba'idar tarana.",7,6,== Singing career ==
http://dbpedia.org/class/yago/Scale106856568,http://dbpedia.org/resource/Raga,raga,2612,314,1.0,1.5453776054791033e-35,"He presented an aesthetically detailed badhat (progression) in ati-vilambit laya (very slow tempo) using bol-alap with merukhandi patterns, followed by gradually speeding up ""floating"" sargams with various ornamentations, taans and bol-taans with complex and unpredictable movements and jumps while preserving the raga structure, and finally a madhyalaya or drut laya (medium or fast tempo) chhota khyal or a ruba'idar tarana.",7,6,== Singing career ==
http://dbpedia.org/ontology/Settlement,http://dbpedia.org/resource/Drut,drut,17,358,1.0,0.0,"He presented an aesthetically detailed badhat (progression) in ati-vilambit laya (very slow tempo) using bol-alap with merukhandi patterns, followed by gradually speeding up ""floating"" sargams with various ornamentations, taans and bol-taans with complex and unpredictable movements and jumps while preserving the raga structure, and finally a madhyalaya or drut laya (medium or fast tempo) chhota khyal or a ruba'idar tarana.",7,6,== Singing career ==
http://www.w3.org/2002/07/owl#Thing,http://dbpedia.org/resource/Tempo,tempo,8577,384,0.9999755979402386,2.440265521360212e-05,"He presented an aesthetically detailed badhat (progression) in ati-vilambit laya (very slow tempo) using bol-alap with merukhandi patterns, followed by gradually speeding up ""floating"" sargams with various ornamentations, taans and bol-taans with complex and unpredictable movements and jumps while preserving the raga structure, and finally a madhyalaya or drut laya (medium or fast tempo) chhota khyal or a ruba'idar tarana.",7,6,== Singing career ==
http://dbpedia.org/ontology/Person,http://dbpedia.org/resource/Tempo,tempo,8577,384,0.9999755979402386,2.440265521360212e-05,"He presented an aesthetically detailed badhat (progression) in ati-vilambit laya (very slow tempo) using bol-alap with merukhandi patterns, followed by gradually speeding up ""floating"" sargams with various ornamentations, taans and bol-taans with complex and unpredictable movements and jumps while preserving the raga structure, and finally a madhyalaya or drut laya (medium or fast tempo) chhota khyal or a ruba'idar tarana.",7,6,== Singing career ==
http://dbpedia.org/ontology/MusicGenre,http://dbpedia.org/resource/Tempo,tempo,8577,384,0.9999755979402386,2.440265521360212e-05,"He presented an aesthetically detailed badhat (progression) in ati-vilambit laya (very slow tempo) using bol-alap with merukhandi patterns, followed by gradually speeding up ""floating"" sargams with various ornamentations, taans and bol-taans with complex and unpredictable movements and jumps while preserving the raga structure, and finally a madhyalaya or drut laya (medium or fast tempo) chhota khyal or a ruba'idar tarana.",7,6,== Singing career ==
http://www.w3.org/2002/07/owl#Thing,http://dbpedia.org/resource/Khyal,khyal,324,398,1.0,0.0,"He presented an aesthetically detailed badhat (progression) in ati-vilambit laya (very slow tempo) using bol-alap with merukhandi patterns, followed by gradually speeding up ""floating"" sargams with various ornamentations, taans and bol-taans with complex and unpredictable movements and jumps while preserving the raga structure, and finally a madhyalaya or drut laya (medium or fast tempo) chhota khyal or a ruba'idar tarana.",7,6,== Singing career ==
http://dbpedia.org/ontology/MusicGenre,http://dbpedia.org/resource/Khyal,khyal,324,398,1.0,0.0,"He presented an aesthetically detailed badhat (progression) in ati-vilambit laya (very slow tempo) using bol-alap with merukhandi patterns, followed by gradually speeding up ""floating"" sargams with various ornamentations, taans and bol-taans with complex and unpredictable movements and jumps while preserving the raga structure, and finally a madhyalaya or drut laya (medium or fast tempo) chhota khyal or a ruba'idar tarana.",7,6,== Singing career ==
http://dbpedia.org/class/yago/WikicatIndianStylesOfMusic,http://dbpedia.org/resource/Khyal,khyal,324,398,1.0,0.0,"He presented an aesthetically detailed badhat (progression) in ati-vilambit laya (very slow tempo) using bol-alap with merukhandi patterns, followed by gradually speeding up ""floating"" sargams with various ornamentations, taans and bol-taans with complex and unpredictable movements and jumps while preserving the raga structure, and finally a madhyalaya or drut laya (medium or fast tempo) chhota khyal or a ruba'idar tarana.",7,6,== Singing career ==
http://dbpedia.org/class/yago/WikicatMusicGenres,http://dbpedia.org/resource/Khyal,khyal,324,398,1.0,0.0,"He presented an aesthetically detailed badhat (progression) in ati-vilambit laya (very slow tempo) using bol-alap with merukhandi patterns, followed by gradually speeding up ""floating"" sargams with various ornamentations, taans and bol-taans with complex and unpredictable movements and jumps while preserving the raga structure, and finally a madhyalaya or drut laya (medium or fast tempo) chhota khyal or a ruba'idar tarana.",7,6,== Singing career ==
http://dbpedia.org/class/yago/Abstraction100002137,http://dbpedia.org/resource/Khyal,khyal,324,398,1.0,0.0,"He presented an aesthetically detailed badhat (progression) in ati-vilambit laya (very slow tempo) using bol-alap with merukhandi patterns, followed by gradually speeding up ""floating"" sargams with various ornamentations, taans and bol-taans with complex and unpredictable movements and jumps while preserving the raga structure, and finally a madhyalaya or drut laya (medium or fast tempo) chhota khyal or a ruba'idar tarana.",7,6,== Singing career ==
http://dbpedia.org/class/yago/Attribute100024264,http://dbpedia.org/resource/Khyal,khyal,324,398,1.0,0.0,"He presented an aesthetically detailed badhat (progression) in ati-vilambit laya (very slow tempo) using bol-alap with merukhandi patterns, followed by gradually speeding up ""floating"" sargams with various ornamentations, taans and bol-taans with complex and unpredictable movements and jumps while preserving the raga structure, and finally a madhyalaya or drut laya (medium or fast tempo) chhota khyal or a ruba'idar tarana.",7,6,== Singing career ==
http://dbpedia.org/class/yago/AuditoryCommunication107109019,http://dbpedia.org/resource/Khyal,khyal,324,398,1.0,0.0,"He presented an aesthetically detailed badhat (progression) in ati-vilambit laya (very slow tempo) using bol-alap with merukhandi patterns, followed by gradually speeding up ""floating"" sargams with various ornamentations, taans and bol-taans with complex and unpredictable movements and jumps while preserving the raga structure, and finally a madhyalaya or drut laya (medium or fast tempo) chhota khyal or a ruba'idar tarana.",7,6,== Singing career ==
http://dbpedia.org/class/yago/ClassicalMusic107025900,http://dbpedia.org/resource/Khyal,khyal,324,398,1.0,0.0,"He presented an aesthetically detailed badhat (progression) in ati-vilambit laya (very slow tempo) using bol-alap with merukhandi patterns, followed by gradually speeding up ""floating"" sargams with various ornamentations, taans and bol-taans with complex and unpredictable movements and jumps while preserving the raga structure, and finally a madhyalaya or drut laya (medium or fast tempo) chhota khyal or a ruba'idar tarana.",7,6,== Singing career ==
http://dbpedia.org/class/yago/Communication100033020,http://dbpedia.org/resource/Khyal,khyal,324,398,1.0,0.0,"He presented an aesthetically detailed badhat (progression) in ati-vilambit laya (very slow tempo) using bol-alap with merukhandi patterns, followed by gradually speeding up ""floating"" sargams with various ornamentations, taans and bol-taans with complex and unpredictable movements and jumps while preserving the raga structure, and finally a madhyalaya or drut laya (medium or fast tempo) chhota khyal or a ruba'idar tarana.",7,6,== Singing career ==
http://dbpedia.org/class/yago/ExpressiveStyle107066659,http://dbpedia.org/resource/Khyal,khyal,324,398,1.0,0.0,"He presented an aesthetically detailed badhat (progression) in ati-vilambit laya (very slow tempo) using bol-alap with merukhandi patterns, followed by gradually speeding up ""floating"" sargams with various ornamentations, taans and bol-taans with complex and unpredictable movements and jumps while preserving the raga structure, and finally a madhyalaya or drut laya (medium or fast tempo) chhota khyal or a ruba'idar tarana.",7,6,== Singing career ==
http://dbpedia.org/class/yago/Manner104928903,http://dbpedia.org/resource/Khyal,khyal,324,398,1.0,0.0,"He presented an aesthetically detailed badhat (progression) in ati-vilambit laya (very slow tempo) using bol-alap with merukhandi patterns, followed by gradually speeding up ""floating"" sargams with various ornamentations, taans and bol-taans with complex and unpredictable movements and jumps while preserving the raga structure, and finally a madhyalaya or drut laya (medium or fast tempo) chhota khyal or a ruba'idar tarana.",7,6,== Singing career ==
http://dbpedia.org/class/yago/Music107020895,http://dbpedia.org/resource/Khyal,khyal,324,398,1.0,0.0,"He presented an aesthetically detailed badhat (progression) in ati-vilambit laya (very slow tempo) using bol-alap with merukhandi patterns, followed by gradually speeding up ""floating"" sargams with various ornamentations, taans and bol-taans with complex and unpredictable movements and jumps while preserving the raga structure, and finally a madhyalaya or drut laya (medium or fast tempo) chhota khyal or a ruba'idar tarana.",7,6,== Singing career ==
http://dbpedia.org/class/yago/MusicGenre107071942,http://dbpedia.org/resource/Khyal,khyal,324,398,1.0,0.0,"He presented an aesthetically detailed badhat (progression) in ati-vilambit laya (very slow tempo) using bol-alap with merukhandi patterns, followed by gradually speeding up ""floating"" sargams with various ornamentations, taans and bol-taans with complex and unpredictable movements and jumps while preserving the raga structure, and finally a madhyalaya or drut laya (medium or fast tempo) chhota khyal or a ruba'idar tarana.",7,6,== Singing career ==
http://dbpedia.org/class/yago/Property104916342,http://dbpedia.org/resource/Khyal,khyal,324,398,1.0,0.0,"He presented an aesthetically detailed badhat (progression) in ati-vilambit laya (very slow tempo) using bol-alap with merukhandi patterns, followed by gradually speeding up ""floating"" sargams with various ornamentations, taans and bol-taans with complex and unpredictable movements and jumps while preserving the raga structure, and finally a madhyalaya or drut laya (medium or fast tempo) chhota khyal or a ruba'idar tarana.",7,6,== Singing career ==
http://dbpedia.org/class/yago/WikicatIndianStylesOfMusic,http://dbpedia.org/resource/Merukhand,merukhand,5,35,1.0,0.0,"While he was famous for his use of merukhand, he did not do a purely merukhandi alap but rather inserted merukhandi passages throughout his performance.",9,6,== Singing career ==
http://dbpedia.org/class/yago/Abstraction100002137,http://dbpedia.org/resource/Merukhand,merukhand,5,35,1.0,0.0,"While he was famous for his use of merukhand, he did not do a purely merukhandi alap but rather inserted merukhandi passages throughout his performance.",9,6,== Singing career ==
http://dbpedia.org/class/yago/Attribute100024264,http://dbpedia.org/resource/Merukhand,merukhand,5,35,1.0,0.0,"While he was famous for his use of merukhand, he did not do a purely merukhandi alap but rather inserted merukhandi passages throughout his performance.",9,6,== Singing career ==
http://dbpedia.org/class/yago/Manner104928903,http://dbpedia.org/resource/Merukhand,merukhand,5,35,1.0,0.0,"While he was famous for his use of merukhand, he did not do a purely merukhandi alap but rather inserted merukhandi passages throughout his performance.",9,6,== Singing career ==
http://dbpedia.org/class/yago/Property104916342,http://dbpedia.org/resource/Merukhand,merukhand,5,35,1.0,0.0,"While he was famous for his use of merukhand, he did not do a purely merukhandi alap but rather inserted merukhandi passages throughout his performance.",9,6,== Singing career ==
http://dbpedia.org/ontology/Settlement,http://dbpedia.org/resource/Alap,alap,100,80,1.0,0.0,"While he was famous for his use of merukhand, he did not do a purely merukhandi alap but rather inserted merukhandi passages throughout his performance.",9,6,== Singing career ==
http://dbpedia.org/class/yago/Writing106362953,http://dbpedia.org/resource/Alap,alap,100,80,1.0,0.0,"While he was famous for his use of merukhand, he did not do a purely merukhandi alap but rather inserted merukhandi passages throughout his performance.",9,6,== Singing career ==
http://dbpedia.org/class/yago/WrittenCommunication106349220,http://dbpedia.org/resource/Alap,alap,100,80,1.0,0.0,"While he was famous for his use of merukhand, he did not do a purely merukhandi alap but rather inserted merukhandi passages throughout his performance.",9,6,== Singing career ==
http://dbpedia.org/class/yago/Abstraction100002137,http://dbpedia.org/resource/Alap,alap,100,80,1.0,0.0,"While he was famous for his use of merukhand, he did not do a purely merukhandi alap but rather inserted merukhandi passages throughout his performance.",9,6,== Singing career ==
http://dbpedia.org/class/yago/AuditoryCommunication107109019,http://dbpedia.org/resource/Alap,alap,100,80,1.0,0.0,"While he was famous for his use of merukhand, he did not do a purely merukhandi alap but rather inserted merukhandi passages throughout his performance.",9,6,== Singing career ==
http://dbpedia.org/class/yago/Communication100033020,http://dbpedia.org/resource/Alap,alap,100,80,1.0,0.0,"While he was famous for his use of merukhand, he did not do a purely merukhandi alap but rather inserted merukhandi passages throughout his performance.",9,6,== Singing career ==
http://dbpedia.org/class/yago/Music107020895,http://dbpedia.org/resource/Alap,alap,100,80,1.0,0.0,"While he was famous for his use of merukhand, he did not do a purely merukhandi alap but rather inserted merukhandi passages throughout his performance.",9,6,== Singing career ==
http://dbpedia.org/class/yago/Section106392001,http://dbpedia.org/resource/Alap,alap,100,80,1.0,0.0,"While he was famous for his use of merukhand, he did not do a purely merukhandi alap but rather inserted merukhandi passages throughout his performance.",9,6,== Singing career ==
http://dbpedia.org/class/yago/WikicatFormalSectionsInMusicAnalysis,http://dbpedia.org/resource/Alap,alap,100,80,1.0,0.0,"While he was famous for his use of merukhand, he did not do a purely merukhandi alap but rather inserted merukhandi passages throughout his performance.",9,6,== Singing career ==
http://dbpedia.org/class/yago/Word106286395,http://dbpedia.org/resource/Tala_(music),taals,326,25,0.9969801562862288,0.0,"Khansahib often used the taals Jhoomra and Ektaal, and generally preferred a simple theka (basic tabla strokes that define the taal) from the tabla accompanist.",0,7,== Singing career ==
http://dbpedia.org/class/yago/WikicatMusicalForms,http://dbpedia.org/resource/Tala_(music),taals,326,25,0.9969801562862288,0.0,"Khansahib often used the taals Jhoomra and Ektaal, and generally preferred a simple theka (basic tabla strokes that define the taal) from the tabla accompanist.",0,7,== Singing career ==
http://dbpedia.org/class/yago/Abstraction100002137,http://dbpedia.org/resource/Tala_(music),taals,326,25,0.9969801562862288,0.0,"Khansahib often used the taals Jhoomra and Ektaal, and generally preferred a simple theka (basic tabla strokes that define the taal) from the tabla accompanist.",0,7,== Singing career ==
http://dbpedia.org/class/yago/Form106290637,http://dbpedia.org/resource/Tala_(music),taals,326,25,0.9969801562862288,0.0,"Khansahib often used the taals Jhoomra and Ektaal, and generally preferred a simple theka (basic tabla strokes that define the taal) from the tabla accompanist.",0,7,== Singing career ==
http://dbpedia.org/class/yago/LanguageUnit106284225,http://dbpedia.org/resource/Tala_(music),taals,326,25,0.9969801562862288,0.0,"Khansahib often used the taals Jhoomra and Ektaal, and generally preferred a simple theka (basic tabla strokes that define the taal) from the tabla accompanist.",0,7,== Singing career ==
http://dbpedia.org/class/yago/Part113809207,http://dbpedia.org/resource/Tala_(music),taals,326,25,0.9969801562862288,0.0,"Khansahib often used the taals Jhoomra and Ektaal, and generally preferred a simple theka (basic tabla strokes that define the taal) from the tabla accompanist.",0,7,== Singing career ==
http://dbpedia.org/class/yago/Relation100031921,http://dbpedia.org/resource/Tala_(music),taals,326,25,0.9969801562862288,0.0,"Khansahib often used the taals Jhoomra and Ektaal, and generally preferred a simple theka (basic tabla strokes that define the taal) from the tabla accompanist.",0,7,== Singing career ==
http://www.w3.org/2002/07/owl#Thing,http://dbpedia.org/resource/Tabla,tabla,2188,97,1.0,0.0,"Khansahib often used the taals Jhoomra and Ektaal, and generally preferred a simple theka (basic tabla strokes that define the taal) from the tabla accompanist.",0,7,== Singing career ==
http://dbpedia.org/class/yago/WikicatAfghanMusicalInstruments,http://dbpedia.org/resource/Tabla,tabla,2188,97,1.0,0.0,"Khansahib often used the taals Jhoomra and Ektaal, and generally preferred a simple theka (basic tabla strokes that define the taal) from the tabla accompanist.",0,7,== Singing career ==
http://dbpedia.org/class/yago/WikicatBangladeshiMusicalInstruments,http://dbpedia.org/resource/Tabla,tabla,2188,97,1.0,0.0,"Khansahib often used the taals Jhoomra and Ektaal, and generally preferred a simple theka (basic tabla strokes that define the taal) from the tabla accompanist.",0,7,== Singing career ==
http://dbpedia.org/ontology/Agent,http://dbpedia.org/resource/Tabla,tabla,2188,97,1.0,0.0,"Khansahib often used the taals Jhoomra and Ektaal, and generally preferred a simple theka (basic tabla strokes that define the taal) from the tabla accompanist.",0,7,== Singing career ==
http://dbpedia.org/class/yago/WikicatHandDrums,http://dbpedia.org/resource/Tabla,tabla,2188,97,1.0,0.0,"Khansahib often used the taals Jhoomra and Ektaal, and generally preferred a simple theka (basic tabla strokes that define the taal) from the tabla accompanist.",0,7,== Singing career ==
http://dbpedia.org/class/yago/WikicatHindustaniMusicalInstruments,http://dbpedia.org/resource/Tabla,tabla,2188,97,1.0,0.0,"Khansahib often used the taals Jhoomra and Ektaal, and generally preferred a simple theka (basic tabla strokes that define the taal) from the tabla accompanist.",0,7,== Singing career ==
http://dbpedia.org/class/yago/WikicatIndianMusicalInstruments,http://dbpedia.org/resource/Tabla,tabla,2188,97,1.0,0.0,"Khansahib often used the taals Jhoomra and Ektaal, and generally preferred a simple theka (basic tabla strokes that define the taal) from the tabla accompanist.",0,7,== Singing career ==
http://dbpedia.org/class/yago/WikicatPercussionInstruments,http://dbpedia.org/resource/Tabla,tabla,2188,97,1.0,0.0,"Khansahib often used the taals Jhoomra and Ektaal, and generally preferred a simple theka (basic tabla strokes that define the taal) from the tabla accompanist.",0,7,== Singing career ==
http://dbpedia.org/ontology/PersonFunction,http://dbpedia.org/resource/Tabla,tabla,2188,97,1.0,0.0,"Khansahib often used the taals Jhoomra and Ektaal, and generally preferred a simple theka (basic tabla strokes that define the taal) from the tabla accompanist.",0,7,== Singing career ==
http://dbpedia.org/class/yago/WikicatDirectlyStruckMembranophones,http://dbpedia.org/resource/Tabla,tabla,2188,97,1.0,0.0,"Khansahib often used the taals Jhoomra and Ektaal, and generally preferred a simple theka (basic tabla strokes that define the taal) from the tabla accompanist.",0,7,== Singing career ==
http://dbpedia.org/class/yago/WikicatDrums,http://dbpedia.org/resource/Tabla,tabla,2188,97,1.0,0.0,"Khansahib often used the taals Jhoomra and Ektaal, and generally preferred a simple theka (basic tabla strokes that define the taal) from the tabla accompanist.",0,7,== Singing career ==
http://dbpedia.org/class/yago/WikicatMembranophones,http://dbpedia.org/resource/Tabla,tabla,2188,97,1.0,0.0,"Khansahib often used the taals Jhoomra and Ektaal, and generally preferred a simple theka (basic tabla strokes that define the taal) from the tabla accompanist.",0,7,== Singing career ==
http://dbpedia.org/class/yago/Artifact100021939,http://dbpedia.org/resource/Tabla,tabla,2188,97,1.0,0.0,"Khansahib often used the taals Jhoomra and Ektaal, and generally preferred a simple theka (basic tabla strokes that define the taal) from the tabla accompanist.",0,7,== Singing career ==
http://dbpedia.org/class/yago/Device103183080,http://dbpedia.org/resource/Tabla,tabla,2188,97,1.0,0.0,"Khansahib often used the taals Jhoomra and Ektaal, and generally preferred a simple theka (basic tabla strokes that define the taal) from the tabla accompanist.",0,7,== Singing career ==
http://dbpedia.org/class/yago/Drum103249569,http://dbpedia.org/resource/Tabla,tabla,2188,97,1.0,0.0,"Khansahib often used the taals Jhoomra and Ektaal, and generally preferred a simple theka (basic tabla strokes that define the taal) from the tabla accompanist.",0,7,== Singing career ==
http://dbpedia.org/class/yago/Instrument103574816,http://dbpedia.org/resource/Tabla,tabla,2188,97,1.0,0.0,"Khansahib often used the taals Jhoomra and Ektaal, and generally preferred a simple theka (basic tabla strokes that define the taal) from the tabla accompanist.",0,7,== Singing career ==
http://dbpedia.org/class/yago/Instrumentality103575240,http://dbpedia.org/resource/Tabla,tabla,2188,97,1.0,0.0,"Khansahib often used the taals Jhoomra and Ektaal, and generally preferred a simple theka (basic tabla strokes that define the taal) from the tabla accompanist.",0,7,== Singing career ==
http://dbpedia.org/class/yago/MusicalInstrument103800933,http://dbpedia.org/resource/Tabla,tabla,2188,97,1.0,0.0,"Khansahib often used the taals Jhoomra and Ektaal, and generally preferred a simple theka (basic tabla strokes that define the taal) from the tabla accompanist.",0,7,== Singing career ==
http://dbpedia.org/class/yago/Object100002684,http://dbpedia.org/resource/Tabla,tabla,2188,97,1.0,0.0,"Khansahib often used the taals Jhoomra and Ektaal, and generally preferred a simple theka (basic tabla strokes that define the taal) from the tabla accompanist.",0,7,== Singing career ==
http://dbpedia.org/class/yago/PercussionInstrument103915437,http://dbpedia.org/resource/Tabla,tabla,2188,97,1.0,0.0,"Khansahib often used the taals Jhoomra and Ektaal, and generally preferred a simple theka (basic tabla strokes that define the taal) from the tabla accompanist.",0,7,== Singing career ==
http://dbpedia.org/class/yago/PhysicalEntity100001930,http://dbpedia.org/resource/Tabla,tabla,2188,97,1.0,0.0,"Khansahib often used the taals Jhoomra and Ektaal, and generally preferred a simple theka (basic tabla strokes that define the taal) from the tabla accompanist.",0,7,== Singing career ==
http://dbpedia.org/class/yago/Whole100003553,http://dbpedia.org/resource/Tabla,tabla,2188,97,1.0,0.0,"Khansahib often used the taals Jhoomra and Ektaal, and generally preferred a simple theka (basic tabla strokes that define the taal) from the tabla accompanist.",0,7,== Singing career ==
http://dbpedia.org/class/yago/WikicatNepaleseMusicalInstruments,http://dbpedia.org/resource/Tabla,tabla,2188,97,1.0,0.0,"Khansahib often used the taals Jhoomra and Ektaal, and generally preferred a simple theka (basic tabla strokes that define the taal) from the tabla accompanist.",0,7,== Singing career ==
http://dbpedia.org/class/yago/WikicatPakistaniMusicalInstruments,http://dbpedia.org/resource/Tabla,tabla,2188,97,1.0,0.0,"Khansahib often used the taals Jhoomra and Ektaal, and generally preferred a simple theka (basic tabla strokes that define the taal) from the tabla accompanist.",0,7,== Singing career ==
http://www.w3.org/2002/07/owl#Thing,http://dbpedia.org/resource/Tabla,tabla,2188,142,1.0,0.0,"Khansahib often used the taals Jhoomra and Ektaal, and generally preferred a simple theka (basic tabla strokes that define the taal) from the tabla accompanist.",0,7,== Singing career ==
http://dbpedia.org/class/yago/WikicatAfghanMusicalInstruments,http://dbpedia.org/resource/Tabla,tabla,2188,142,1.0,0.0,"Khansahib often used the taals Jhoomra and Ektaal, and generally preferred a simple theka (basic tabla strokes that define the taal) from the tabla accompanist.",0,7,== Singing career ==
http://dbpedia.org/class/yago/WikicatBangladeshiMusicalInstruments,http://dbpedia.org/resource/Tabla,tabla,2188,142,1.0,0.0,"Khansahib often used the taals Jhoomra and Ektaal, and generally preferred a simple theka (basic tabla strokes that define the taal) from the tabla accompanist.",0,7,== Singing career ==
http://dbpedia.org/ontology/Agent,http://dbpedia.org/resource/Tabla,tabla,2188,142,1.0,0.0,"Khansahib often used the taals Jhoomra and Ektaal, and generally preferred a simple theka (basic tabla strokes that define the taal) from the tabla accompanist.",0,7,== Singing career ==
http://dbpedia.org/class/yago/WikicatHandDrums,http://dbpedia.org/resource/Tabla,tabla,2188,142,1.0,0.0,"Khansahib often used the taals Jhoomra and Ektaal, and generally preferred a simple theka (basic tabla strokes that define the taal) from the tabla accompanist.",0,7,== Singing career ==
http://dbpedia.org/class/yago/WikicatHindustaniMusicalInstruments,http://dbpedia.org/resource/Tabla,tabla,2188,142,1.0,0.0,"Khansahib often used the taals Jhoomra and Ektaal, and generally preferred a simple theka (basic tabla strokes that define the taal) from the tabla accompanist.",0,7,== Singing career ==
http://dbpedia.org/class/yago/WikicatIndianMusicalInstruments,http://dbpedia.org/resource/Tabla,tabla,2188,142,1.0,0.0,"Khansahib often used the taals Jhoomra and Ektaal, and generally preferred a simple theka (basic tabla strokes that define the taal) from the tabla accompanist.",0,7,== Singing career ==
http://dbpedia.org/class/yago/WikicatPercussionInstruments,http://dbpedia.org/resource/Tabla,tabla,2188,142,1.0,0.0,"Khansahib often used the taals Jhoomra and Ektaal, and generally preferred a simple theka (basic tabla strokes that define the taal) from the tabla accompanist.",0,7,== Singing career ==
http://dbpedia.org/ontology/PersonFunction,http://dbpedia.org/resource/Tabla,tabla,2188,142,1.0,0.0,"Khansahib often used the taals Jhoomra and Ektaal, and generally preferred a simple theka (basic tabla strokes that define the taal) from the tabla accompanist.",0,7,== Singing career ==
http://dbpedia.org/class/yago/WikicatDirectlyStruckMembranophones,http://dbpedia.org/resource/Tabla,tabla,2188,142,1.0,0.0,"Khansahib often used the taals Jhoomra and Ektaal, and generally preferred a simple theka (basic tabla strokes that define the taal) from the tabla accompanist.",0,7,== Singing career ==
http://dbpedia.org/class/yago/WikicatDrums,http://dbpedia.org/resource/Tabla,tabla,2188,142,1.0,0.0,"Khansahib often used the taals Jhoomra and Ektaal, and generally preferred a simple theka (basic tabla strokes that define the taal) from the tabla accompanist.",0,7,== Singing career ==
http://dbpedia.org/class/yago/WikicatMembranophones,http://dbpedia.org/resource/Tabla,tabla,2188,142,1.0,0.0,"Khansahib often used the taals Jhoomra and Ektaal, and generally preferred a simple theka (basic tabla strokes that define the taal) from the tabla accompanist.",0,7,== Singing career ==
http://dbpedia.org/class/yago/Artifact100021939,http://dbpedia.org/resource/Tabla,tabla,2188,142,1.0,0.0,"Khansahib often used the taals Jhoomra and Ektaal, and generally preferred a simple theka (basic tabla strokes that define the taal) from the tabla accompanist.",0,7,== Singing career ==
http://dbpedia.org/class/yago/Device103183080,http://dbpedia.org/resource/Tabla,tabla,2188,142,1.0,0.0,"Khansahib often used the taals Jhoomra and Ektaal, and generally preferred a simple theka (basic tabla strokes that define the taal) from the tabla accompanist.",0,7,== Singing career ==
http://dbpedia.org/class/yago/Drum103249569,http://dbpedia.org/resource/Tabla,tabla,2188,142,1.0,0.0,"Khansahib often used the taals Jhoomra and Ektaal, and generally preferred a simple theka (basic tabla strokes that define the taal) from the tabla accompanist.",0,7,== Singing career ==
http://dbpedia.org/class/yago/Instrument103574816,http://dbpedia.org/resource/Tabla,tabla,2188,142,1.0,0.0,"Khansahib often used the taals Jhoomra and Ektaal, and generally preferred a simple theka (basic tabla strokes that define the taal) from the tabla accompanist.",0,7,== Singing career ==
http://dbpedia.org/class/yago/Instrumentality103575240,http://dbpedia.org/resource/Tabla,tabla,2188,142,1.0,0.0,"Khansahib often used the taals Jhoomra and Ektaal, and generally preferred a simple theka (basic tabla strokes that define the taal) from the tabla accompanist.",0,7,== Singing career ==
http://dbpedia.org/class/yago/MusicalInstrument103800933,http://dbpedia.org/resource/Tabla,tabla,2188,142,1.0,0.0,"Khansahib often used the taals Jhoomra and Ektaal, and generally preferred a simple theka (basic tabla strokes that define the taal) from the tabla accompanist.",0,7,== Singing career ==
http://dbpedia.org/class/yago/Object100002684,http://dbpedia.org/resource/Tabla,tabla,2188,142,1.0,0.0,"Khansahib often used the taals Jhoomra and Ektaal, and generally preferred a simple theka (basic tabla strokes that define the taal) from the tabla accompanist.",0,7,== Singing career ==
http://dbpedia.org/class/yago/PercussionInstrument103915437,http://dbpedia.org/resource/Tabla,tabla,2188,142,1.0,0.0,"Khansahib often used the taals Jhoomra and Ektaal, and generally preferred a simple theka (basic tabla strokes that define the taal) from the tabla accompanist.",0,7,== Singing career ==
http://dbpedia.org/class/yago/PhysicalEntity100001930,http://dbpedia.org/resource/Tabla,tabla,2188,142,1.0,0.0,"Khansahib often used the taals Jhoomra and Ektaal, and generally preferred a simple theka (basic tabla strokes that define the taal) from the tabla accompanist.",0,7,== Singing career ==
http://dbpedia.org/class/yago/Whole100003553,http://dbpedia.org/resource/Tabla,tabla,2188,142,1.0,0.0,"Khansahib often used the taals Jhoomra and Ektaal, and generally preferred a simple theka (basic tabla strokes that define the taal) from the tabla accompanist.",0,7,== Singing career ==
http://dbpedia.org/class/yago/WikicatNepaleseMusicalInstruments,http://dbpedia.org/resource/Tabla,tabla,2188,142,1.0,0.0,"Khansahib often used the taals Jhoomra and Ektaal, and generally preferred a simple theka (basic tabla strokes that define the taal) from the tabla accompanist.",0,7,== Singing career ==
http://dbpedia.org/class/yago/WikicatPakistaniMusicalInstruments,http://dbpedia.org/resource/Tabla,tabla,2188,142,1.0,0.0,"Khansahib often used the taals Jhoomra and Ektaal, and generally preferred a simple theka (basic tabla strokes that define the taal) from the tabla accompanist.",0,7,== Singing career ==
http://www.w3.org/2002/07/owl#Thing,http://dbpedia.org/resource/Accompaniment,accompanist,926,148,0.9999999914098794,0.0,"Khansahib often used the taals Jhoomra and Ektaal, and generally preferred a simple theka (basic tabla strokes that define the taal) from the tabla accompanist.",0,7,== Singing career ==
http://dbpedia.org/ontology/Person,http://dbpedia.org/resource/Accompaniment,accompanist,926,148,0.9999999914098794,0.0,"Khansahib often used the taals Jhoomra and Ektaal, and generally preferred a simple theka (basic tabla strokes that define the taal) from the tabla accompanist.",0,7,== Singing career ==
http://dbpedia.org/ontology/PersonFunction,http://dbpedia.org/resource/Accompaniment,accompanist,926,148,0.9999999914098794,0.0,"Khansahib often used the taals Jhoomra and Ektaal, and generally preferred a simple theka (basic tabla strokes that define the taal) from the tabla accompanist.",0,7,== Singing career ==
http://www.w3.org/2002/07/owl#Thing,http://dbpedia.org/resource/Sarangi,sarangi,467,39,1.0,0.0,"Even though he had been trained in the sarangi, he generally performed khyals and taranas with only a six-stringed tanpura and tabla for accompaniment.",1,7,== Singing career ==
http://dbpedia.org/class/yago/WikicatBangladeshiMusicalInstruments,http://dbpedia.org/resource/Sarangi,sarangi,467,39,1.0,0.0,"Even though he had been trained in the sarangi, he generally performed khyals and taranas with only a six-stringed tanpura and tabla for accompaniment.",1,7,== Singing career ==
http://dbpedia.org/ontology/MusicGenre,http://dbpedia.org/resource/Sarangi,sarangi,467,39,1.0,0.0,"Even though he had been trained in the sarangi, he generally performed khyals and taranas with only a six-stringed tanpura and tabla for accompaniment.",1,7,== Singing career ==
http://dbpedia.org/class/yago/WikicatHindustaniMusicalInstruments,http://dbpedia.org/resource/Sarangi,sarangi,467,39,1.0,0.0,"Even though he had been trained in the sarangi, he generally performed khyals and taranas with only a six-stringed tanpura and tabla for accompaniment.",1,7,== Singing career ==
http://dbpedia.org/class/yago/WikicatIndianMusicalInstruments,http://dbpedia.org/resource/Sarangi,sarangi,467,39,1.0,0.0,"Even though he had been trained in the sarangi, he generally performed khyals and taranas with only a six-stringed tanpura and tabla for accompaniment.",1,7,== Singing career ==
http://dbpedia.org/class/yago/WikicatBowedInstruments,http://dbpedia.org/resource/Sarangi,sarangi,467,39,1.0,0.0,"Even though he had been trained in the sarangi, he generally performed khyals and taranas with only a six-stringed tanpura and tabla for accompaniment.",1,7,== Singing career ==
http://dbpedia.org/class/yago/WikicatChordophones,http://dbpedia.org/resource/Sarangi,sarangi,467,39,1.0,0.0,"Even though he had been trained in the sarangi, he generally performed khyals and taranas with only a six-stringed tanpura and tabla for accompaniment.",1,7,== Singing career ==
http://dbpedia.org/class/yago/Artifact100021939,http://dbpedia.org/resource/Sarangi,sarangi,467,39,1.0,0.0,"Even though he had been trained in the sarangi, he generally performed khyals and taranas with only a six-stringed tanpura and tabla for accompaniment.",1,7,== Singing career ==
http://dbpedia.org/class/yago/Chordophone103025886,http://dbpedia.org/resource/Sarangi,sarangi,467,39,1.0,0.0,"Even though he had been trained in the sarangi, he generally performed khyals and taranas with only a six-stringed tanpura and tabla for accompaniment.",1,7,== Singing career ==
http://dbpedia.org/class/yago/Device103183080,http://dbpedia.org/resource/Sarangi,sarangi,467,39,1.0,0.0,"Even though he had been trained in the sarangi, he generally performed khyals and taranas with only a six-stringed tanpura and tabla for accompaniment.",1,7,== Singing career ==
http://dbpedia.org/class/yago/Instrument103574816,http://dbpedia.org/resource/Sarangi,sarangi,467,39,1.0,0.0,"Even though he had been trained in the sarangi, he generally performed khyals and taranas with only a six-stringed tanpura and tabla for accompaniment.",1,7,== Singing career ==
http://dbpedia.org/class/yago/Instrumentality103575240,http://dbpedia.org/resource/Sarangi,sarangi,467,39,1.0,0.0,"Even though he had been trained in the sarangi, he generally performed khyals and taranas with only a six-stringed tanpura and tabla for accompaniment.",1,7,== Singing career ==
http://dbpedia.org/class/yago/MusicalInstrument103800933,http://dbpedia.org/resource/Sarangi,sarangi,467,39,1.0,0.0,"Even though he had been trained in the sarangi, he generally performed khyals and taranas with only a six-stringed tanpura and tabla for accompaniment.",1,7,== Singing career ==
http://dbpedia.org/class/yago/Object100002684,http://dbpedia.org/resource/Sarangi,sarangi,467,39,1.0,0.0,"Even though he had been trained in the sarangi, he generally performed khyals and taranas with only a six-stringed tanpura and tabla for accompaniment.",1,7,== Singing career ==
http://dbpedia.org/class/yago/PhysicalEntity100001930,http://dbpedia.org/resource/Sarangi,sarangi,467,39,1.0,0.0,"Even though he had been trained in the sarangi, he generally performed khyals and taranas with only a six-stringed tanpura and tabla for accompaniment.",1,7,== Singing career ==
http://dbpedia.org/class/yago/StringedInstrument104338517,http://dbpedia.org/resource/Sarangi,sarangi,467,39,1.0,0.0,"Even though he had been trained in the sarangi, he generally performed khyals and taranas with only a six-stringed tanpura and tabla for accompaniment.",1,7,== Singing career ==
http://dbpedia.org/class/yago/Whole100003553,http://dbpedia.org/resource/Sarangi,sarangi,467,39,1.0,0.0,"Even though he had been trained in the sarangi, he generally performed khyals and taranas with only a six-stringed tanpura and tabla for accompaniment.",1,7,== Singing career ==
http://dbpedia.org/class/yago/WikicatNepaleseMusicalInstruments,http://dbpedia.org/resource/Sarangi,sarangi,467,39,1.0,0.0,"Even though he had been trained in the sarangi, he generally performed khyals and taranas with only a six-stringed tanpura and tabla for accompaniment.",1,7,== Singing career ==
http://dbpedia.org/class/yago/WikicatPakistaniMusicalInstruments,http://dbpedia.org/resource/Sarangi,sarangi,467,39,1.0,0.0,"Even though he had been trained in the sarangi, he generally performed khyals and taranas with only a six-stringed tanpura and tabla for accompaniment.",1,7,== Singing career ==
http://dbpedia.org/class/yago/WikicatStringInstruments,http://dbpedia.org/resource/Sarangi,sarangi,467,39,1.0,0.0,"Even though he had been trained in the sarangi, he generally performed khyals and taranas with only a six-stringed tanpura and tabla for accompaniment.",1,7,== Singing career ==
http://dbpedia.org/class/yago/WikicatStringInstrumentsWithSympatheticStrings,http://dbpedia.org/resource/Sarangi,sarangi,467,39,1.0,0.0,"Even though he had been trained in the sarangi, he generally performed khyals and taranas with only a six-stringed tanpura and tabla for accompaniment.",1,7,== Singing career ==
http://www.w3.org/2002/07/owl#Thing,http://dbpedia.org/resource/Khyal,khyals,324,71,1.0,0.0,"Even though he had been trained in the sarangi, he generally performed khyals and taranas with only a six-stringed tanpura and tabla for accompaniment.",1,7,== Singing career ==
http://dbpedia.org/ontology/MusicGenre,http://dbpedia.org/resource/Khyal,khyals,324,71,1.0,0.0,"Even though he had been trained in the sarangi, he generally performed khyals and taranas with only a six-stringed tanpura and tabla for accompaniment.",1,7,== Singing career ==
http://dbpedia.org/class/yago/WikicatIndianStylesOfMusic,http://dbpedia.org/resource/Khyal,khyals,324,71,1.0,0.0,"Even though he had been trained in the sarangi, he generally performed khyals and taranas with only a six-stringed tanpura and tabla for accompaniment.",1,7,== Singing career ==
http://dbpedia.org/class/yago/WikicatMusicGenres,http://dbpedia.org/resource/Khyal,khyals,324,71,1.0,0.0,"Even though he had been trained in the sarangi, he generally performed khyals and taranas with only a six-stringed tanpura and tabla for accompaniment.",1,7,== Singing career ==
http://dbpedia.org/class/yago/Abstraction100002137,http://dbpedia.org/resource/Khyal,khyals,324,71,1.0,0.0,"Even though he had been trained in the sarangi, he generally performed khyals and taranas with only a six-stringed tanpura and tabla for accompaniment.",1,7,== Singing career ==
http://dbpedia.org/class/yago/Attribute100024264,http://dbpedia.org/resource/Khyal,khyals,324,71,1.0,0.0,"Even though he had been trained in the sarangi, he generally performed khyals and taranas with only a six-stringed tanpura and tabla for accompaniment.",1,7,== Singing career ==
http://dbpedia.org/class/yago/AuditoryCommunication107109019,http://dbpedia.org/resource/Khyal,khyals,324,71,1.0,0.0,"Even though he had been trained in the sarangi, he generally performed khyals and taranas with only a six-stringed tanpura and tabla for accompaniment.",1,7,== Singing career ==
http://dbpedia.org/class/yago/ClassicalMusic107025900,http://dbpedia.org/resource/Khyal,khyals,324,71,1.0,0.0,"Even though he had been trained in the sarangi, he generally performed khyals and taranas with only a six-stringed tanpura and tabla for accompaniment.",1,7,== Singing career ==
http://dbpedia.org/class/yago/Communication100033020,http://dbpedia.org/resource/Khyal,khyals,324,71,1.0,0.0,"Even though he had been trained in the sarangi, he generally performed khyals and taranas with only a six-stringed tanpura and tabla for accompaniment.",1,7,== Singing career ==
http://dbpedia.org/class/yago/ExpressiveStyle107066659,http://dbpedia.org/resource/Khyal,khyals,324,71,1.0,0.0,"Even though he had been trained in the sarangi, he generally performed khyals and taranas with only a six-stringed tanpura and tabla for accompaniment.",1,7,== Singing career ==
http://dbpedia.org/class/yago/Manner104928903,http://dbpedia.org/resource/Khyal,khyals,324,71,1.0,0.0,"Even though he had been trained in the sarangi, he generally performed khyals and taranas with only a six-stringed tanpura and tabla for accompaniment.",1,7,== Singing career ==
http://dbpedia.org/class/yago/Music107020895,http://dbpedia.org/resource/Khyal,khyals,324,71,1.0,0.0,"Even though he had been trained in the sarangi, he generally performed khyals and taranas with only a six-stringed tanpura and tabla for accompaniment.",1,7,== Singing career ==
http://dbpedia.org/class/yago/MusicGenre107071942,http://dbpedia.org/resource/Khyal,khyals,324,71,1.0,0.0,"Even though he had been trained in the sarangi, he generally performed khyals and taranas with only a six-stringed tanpura and tabla for accompaniment.",1,7,== Singing career ==
http://dbpedia.org/class/yago/Property104916342,http://dbpedia.org/resource/Khyal,khyals,324,71,1.0,0.0,"Even though he had been trained in the sarangi, he generally performed khyals and taranas with only a six-stringed tanpura and tabla for accompaniment.",1,7,== Singing career ==
http://www.w3.org/2002/07/owl#Thing,http://dbpedia.org/resource/Tanpura,tanpura,514,115,1.0,0.0,"Even though he had been trained in the sarangi, he generally performed khyals and taranas with only a six-stringed tanpura and tabla for accompaniment.",1,7,== Singing career ==
http://dbpedia.org/ontology/Agent,http://dbpedia.org/resource/Tanpura,tanpura,514,115,1.0,0.0,"Even though he had been trained in the sarangi, he generally performed khyals and taranas with only a six-stringed tanpura and tabla for accompaniment.",1,7,== Singing career ==
http://dbpedia.org/class/yago/WikicatHindustaniMusicalInstruments,http://dbpedia.org/resource/Tanpura,tanpura,514,115,1.0,0.0,"Even though he had been trained in the sarangi, he generally performed khyals and taranas with only a six-stringed tanpura and tabla for accompaniment.",1,7,== Singing career ==
http://dbpedia.org/class/yago/WikicatIndianMusicalInstruments,http://dbpedia.org/resource/Tanpura,tanpura,514,115,1.0,0.0,"Even though he had been trained in the sarangi, he generally performed khyals and taranas with only a six-stringed tanpura and tabla for accompaniment.",1,7,== Singing career ==
http://dbpedia.org/class/yago/WikicatCarnaticMusicInstruments,http://dbpedia.org/resource/Tanpura,tanpura,514,115,1.0,0.0,"Even though he had been trained in the sarangi, he generally performed khyals and taranas with only a six-stringed tanpura and tabla for accompaniment.",1,7,== Singing career ==
http://dbpedia.org/class/yago/Artifact100021939,http://dbpedia.org/resource/Tanpura,tanpura,514,115,1.0,0.0,"Even though he had been trained in the sarangi, he generally performed khyals and taranas with only a six-stringed tanpura and tabla for accompaniment.",1,7,== Singing career ==
http://dbpedia.org/class/yago/Device103183080,http://dbpedia.org/resource/Tanpura,tanpura,514,115,1.0,0.0,"Even though he had been trained in the sarangi, he generally performed khyals and taranas with only a six-stringed tanpura and tabla for accompaniment.",1,7,== Singing career ==
http://dbpedia.org/class/yago/Instrument103574816,http://dbpedia.org/resource/Tanpura,tanpura,514,115,1.0,0.0,"Even though he had been trained in the sarangi, he generally performed khyals and taranas with only a six-stringed tanpura and tabla for accompaniment.",1,7,== Singing career ==
http://dbpedia.org/class/yago/Instrumentality103575240,http://dbpedia.org/resource/Tanpura,tanpura,514,115,1.0,0.0,"Even though he had been trained in the sarangi, he generally performed khyals and taranas with only a six-stringed tanpura and tabla for accompaniment.",1,7,== Singing career ==
http://dbpedia.org/class/yago/MusicalInstrument103800933,http://dbpedia.org/resource/Tanpura,tanpura,514,115,1.0,0.0,"Even though he had been trained in the sarangi, he generally performed khyals and taranas with only a six-stringed tanpura and tabla for accompaniment.",1,7,== Singing career ==
http://dbpedia.org/class/yago/Object100002684,http://dbpedia.org/resource/Tanpura,tanpura,514,115,1.0,0.0,"Even though he had been trained in the sarangi, he generally performed khyals and taranas with only a six-stringed tanpura and tabla for accompaniment.",1,7,== Singing career ==
http://dbpedia.org/class/yago/PhysicalEntity100001930,http://dbpedia.org/resource/Tanpura,tanpura,514,115,1.0,0.0,"Even though he had been trained in the sarangi, he generally performed khyals and taranas with only a six-stringed tanpura and tabla for accompaniment.",1,7,== Singing career ==
http://dbpedia.org/class/yago/Whole100003553,http://dbpedia.org/resource/Tanpura,tanpura,514,115,1.0,0.0,"Even though he had been trained in the sarangi, he generally performed khyals and taranas with only a six-stringed tanpura and tabla for accompaniment.",1,7,== Singing career ==
http://www.w3.org/2002/07/owl#Thing,http://dbpedia.org/resource/Tabla,tabla,2188,127,1.0,0.0,"Even though he had been trained in the sarangi, he generally performed khyals and taranas with only a six-stringed tanpura and tabla for accompaniment.",1,7,== Singing career ==
http://dbpedia.org/class/yago/WikicatAfghanMusicalInstruments,http://dbpedia.org/resource/Tabla,tabla,2188,127,1.0,0.0,"Even though he had been trained in the sarangi, he generally performed khyals and taranas with only a six-stringed tanpura and tabla for accompaniment.",1,7,== Singing career ==
http://dbpedia.org/class/yago/WikicatBangladeshiMusicalInstruments,http://dbpedia.org/resource/Tabla,tabla,2188,127,1.0,0.0,"Even though he had been trained in the sarangi, he generally performed khyals and taranas with only a six-stringed tanpura and tabla for accompaniment.",1,7,== Singing career ==
http://dbpedia.org/ontology/Agent,http://dbpedia.org/resource/Tabla,tabla,2188,127,1.0,0.0,"Even though he had been trained in the sarangi, he generally performed khyals and taranas with only a six-stringed tanpura and tabla for accompaniment.",1,7,== Singing career ==
http://dbpedia.org/class/yago/WikicatHandDrums,http://dbpedia.org/resource/Tabla,tabla,2188,127,1.0,0.0,"Even though he had been trained in the sarangi, he generally performed khyals and taranas with only a six-stringed tanpura and tabla for accompaniment.",1,7,== Singing career ==
http://dbpedia.org/class/yago/WikicatHindustaniMusicalInstruments,http://dbpedia.org/resource/Tabla,tabla,2188,127,1.0,0.0,"Even though he had been trained in the sarangi, he generally performed khyals and taranas with only a six-stringed tanpura and tabla for accompaniment.",1,7,== Singing career ==
http://dbpedia.org/class/yago/WikicatIndianMusicalInstruments,http://dbpedia.org/resource/Tabla,tabla,2188,127,1.0,0.0,"Even though he had been trained in the sarangi, he generally performed khyals and taranas with only a six-stringed tanpura and tabla for accompaniment.",1,7,== Singing career ==
http://dbpedia.org/class/yago/WikicatPercussionInstruments,http://dbpedia.org/resource/Tabla,tabla,2188,127,1.0,0.0,"Even though he had been trained in the sarangi, he generally performed khyals and taranas with only a six-stringed tanpura and tabla for accompaniment.",1,7,== Singing career ==
http://dbpedia.org/ontology/PersonFunction,http://dbpedia.org/resource/Tabla,tabla,2188,127,1.0,0.0,"Even though he had been trained in the sarangi, he generally performed khyals and taranas with only a six-stringed tanpura and tabla for accompaniment.",1,7,== Singing career ==
http://dbpedia.org/class/yago/WikicatDirectlyStruckMembranophones,http://dbpedia.org/resource/Tabla,tabla,2188,127,1.0,0.0,"Even though he had been trained in the sarangi, he generally performed khyals and taranas with only a six-stringed tanpura and tabla for accompaniment.",1,7,== Singing career ==
http://dbpedia.org/class/yago/WikicatDrums,http://dbpedia.org/resource/Tabla,tabla,2188,127,1.0,0.0,"Even though he had been trained in the sarangi, he generally performed khyals and taranas with only a six-stringed tanpura and tabla for accompaniment.",1,7,== Singing career ==
http://dbpedia.org/class/yago/WikicatMembranophones,http://dbpedia.org/resource/Tabla,tabla,2188,127,1.0,0.0,"Even though he had been trained in the sarangi, he generally performed khyals and taranas with only a six-stringed tanpura and tabla for accompaniment.",1,7,== Singing career ==
http://dbpedia.org/class/yago/Artifact100021939,http://dbpedia.org/resource/Tabla,tabla,2188,127,1.0,0.0,"Even though he had been trained in the sarangi, he generally performed khyals and taranas with only a six-stringed tanpura and tabla for accompaniment.",1,7,== Singing career ==
http://dbpedia.org/class/yago/Device103183080,http://dbpedia.org/resource/Tabla,tabla,2188,127,1.0,0.0,"Even though he had been trained in the sarangi, he generally performed khyals and taranas with only a six-stringed tanpura and tabla for accompaniment.",1,7,== Singing career ==
http://dbpedia.org/class/yago/Drum103249569,http://dbpedia.org/resource/Tabla,tabla,2188,127,1.0,0.0,"Even though he had been trained in the sarangi, he generally performed khyals and taranas with only a six-stringed tanpura and tabla for accompaniment.",1,7,== Singing career ==
http://dbpedia.org/class/yago/Instrument103574816,http://dbpedia.org/resource/Tabla,tabla,2188,127,1.0,0.0,"Even though he had been trained in the sarangi, he generally performed khyals and taranas with only a six-stringed tanpura and tabla for accompaniment.",1,7,== Singing career ==
http://dbpedia.org/class/yago/Instrumentality103575240,http://dbpedia.org/resource/Tabla,tabla,2188,127,1.0,0.0,"Even though he had been trained in the sarangi, he generally performed khyals and taranas with only a six-stringed tanpura and tabla for accompaniment.",1,7,== Singing career ==
http://dbpedia.org/class/yago/MusicalInstrument103800933,http://dbpedia.org/resource/Tabla,tabla,2188,127,1.0,0.0,"Even though he had been trained in the sarangi, he generally performed khyals and taranas with only a six-stringed tanpura and tabla for accompaniment.",1,7,== Singing career ==
http://dbpedia.org/class/yago/Object100002684,http://dbpedia.org/resource/Tabla,tabla,2188,127,1.0,0.0,"Even though he had been trained in the sarangi, he generally performed khyals and taranas with only a six-stringed tanpura and tabla for accompaniment.",1,7,== Singing career ==
http://dbpedia.org/class/yago/PercussionInstrument103915437,http://dbpedia.org/resource/Tabla,tabla,2188,127,1.0,0.0,"Even though he had been trained in the sarangi, he generally performed khyals and taranas with only a six-stringed tanpura and tabla for accompaniment.",1,7,== Singing career ==
http://dbpedia.org/class/yago/PhysicalEntity100001930,http://dbpedia.org/resource/Tabla,tabla,2188,127,1.0,0.0,"Even though he had been trained in the sarangi, he generally performed khyals and taranas with only a six-stringed tanpura and tabla for accompaniment.",1,7,== Singing career ==
http://dbpedia.org/class/yago/Whole100003553,http://dbpedia.org/resource/Tabla,tabla,2188,127,1.0,0.0,"Even though he had been trained in the sarangi, he generally performed khyals and taranas with only a six-stringed tanpura and tabla for accompaniment.",1,7,== Singing career ==
http://dbpedia.org/class/yago/WikicatNepaleseMusicalInstruments,http://dbpedia.org/resource/Tabla,tabla,2188,127,1.0,0.0,"Even though he had been trained in the sarangi, he generally performed khyals and taranas with only a six-stringed tanpura and tabla for accompaniment.",1,7,== Singing career ==
http://dbpedia.org/class/yago/WikicatPakistaniMusicalInstruments,http://dbpedia.org/resource/Tabla,tabla,2188,127,1.0,0.0,"Even though he had been trained in the sarangi, he generally performed khyals and taranas with only a six-stringed tanpura and tabla for accompaniment.",1,7,== Singing career ==
http://www.w3.org/2002/07/owl#Thing,http://dbpedia.org/resource/Pump_organ,harmonium,2068,27,0.9999999999612896,0.0,"Sometimes he had a subdued harmonium accompaniment, but he almost never used the sarangi.",2,7,== Singing career ==
http://dbpedia.org/class/yago/WikicatKeyboardInstruments,http://dbpedia.org/resource/Pump_organ,harmonium,2068,27,0.9999999999612896,0.0,"Sometimes he had a subdued harmonium accompaniment, but he almost never used the sarangi.",2,7,== Singing career ==
http://dbpedia.org/ontology/MusicalArtist,http://dbpedia.org/resource/Pump_organ,harmonium,2068,27,0.9999999999612896,0.0,"Sometimes he had a subdued harmonium accompaniment, but he almost never used the sarangi.",2,7,== Singing career ==
http://dbpedia.org/class/yago/Artifact100021939,http://dbpedia.org/resource/Pump_organ,harmonium,2068,27,0.9999999999612896,0.0,"Sometimes he had a subdued harmonium accompaniment, but he almost never used the sarangi.",2,7,== Singing career ==
http://dbpedia.org/class/yago/Device103183080,http://dbpedia.org/resource/Pump_organ,harmonium,2068,27,0.9999999999612896,0.0,"Sometimes he had a subdued harmonium accompaniment, but he almost never used the sarangi.",2,7,== Singing career ==
http://dbpedia.org/class/yago/Instrumentality103575240,http://dbpedia.org/resource/Pump_organ,harmonium,2068,27,0.9999999999612896,0.0,"Sometimes he had a subdued harmonium accompaniment, but he almost never used the sarangi.",2,7,== Singing career ==
http://dbpedia.org/class/yago/KeyboardInstrument103614532,http://dbpedia.org/resource/Pump_organ,harmonium,2068,27,0.9999999999612896,0.0,"Sometimes he had a subdued harmonium accompaniment, but he almost never used the sarangi.",2,7,== Singing career ==
http://dbpedia.org/class/yago/MusicalInstrument103800933,http://dbpedia.org/resource/Pump_organ,harmonium,2068,27,0.9999999999612896,0.0,"Sometimes he had a subdued harmonium accompaniment, but he almost never used the sarangi.",2,7,== Singing career ==
http://dbpedia.org/class/yago/Object100002684,http://dbpedia.org/resource/Pump_organ,harmonium,2068,27,0.9999999999612896,0.0,"Sometimes he had a subdued harmonium accompaniment, but he almost never used the sarangi.",2,7,== Singing career ==
http://dbpedia.org/class/yago/PhysicalEntity100001930,http://dbpedia.org/resource/Pump_organ,harmonium,2068,27,0.9999999999612896,0.0,"Sometimes he had a subdued harmonium accompaniment, but he almost never used the sarangi.",2,7,== Singing career ==
http://dbpedia.org/class/yago/Whole100003553,http://dbpedia.org/resource/Pump_organ,harmonium,2068,27,0.9999999999612896,0.0,"Sometimes he had a subdued harmonium accompaniment, but he almost never used the sarangi.",2,7,== Singing career ==
http://www.w3.org/2002/07/owl#Thing,http://dbpedia.org/resource/Sarangi,sarangi,467,81,0.9999999999926246,0.0,"Sometimes he had a subdued harmonium accompaniment, but he almost never used the sarangi.",2,7,== Singing career ==
http://dbpedia.org/class/yago/WikicatBangladeshiMusicalInstruments,http://dbpedia.org/resource/Sarangi,sarangi,467,81,0.9999999999926246,0.0,"Sometimes he had a subdued harmonium accompaniment, but he almost never used the sarangi.",2,7,== Singing career ==
http://dbpedia.org/ontology/MusicGenre,http://dbpedia.org/resource/Sarangi,sarangi,467,81,0.9999999999926246,0.0,"Sometimes he had a subdued harmonium accompaniment, but he almost never used the sarangi.",2,7,== Singing career ==
http://dbpedia.org/class/yago/WikicatHindustaniMusicalInstruments,http://dbpedia.org/resource/Sarangi,sarangi,467,81,0.9999999999926246,0.0,"Sometimes he had a subdued harmonium accompaniment, but he almost never used the sarangi.",2,7,== Singing career ==
http://dbpedia.org/class/yago/WikicatIndianMusicalInstruments,http://dbpedia.org/resource/Sarangi,sarangi,467,81,0.9999999999926246,0.0,"Sometimes he had a subdued harmonium accompaniment, but he almost never used the sarangi.",2,7,== Singing career ==
http://dbpedia.org/class/yago/WikicatBowedInstruments,http://dbpedia.org/resource/Sarangi,sarangi,467,81,0.9999999999926246,0.0,"Sometimes he had a subdued harmonium accompaniment, but he almost never used the sarangi.",2,7,== Singing career ==
http://dbpedia.org/class/yago/WikicatChordophones,http://dbpedia.org/resource/Sarangi,sarangi,467,81,0.9999999999926246,0.0,"Sometimes he had a subdued harmonium accompaniment, but he almost never used the sarangi.",2,7,== Singing career ==
http://dbpedia.org/class/yago/Artifact100021939,http://dbpedia.org/resource/Sarangi,sarangi,467,81,0.9999999999926246,0.0,"Sometimes he had a subdued harmonium accompaniment, but he almost never used the sarangi.",2,7,== Singing career ==
http://dbpedia.org/class/yago/Chordophone103025886,http://dbpedia.org/resource/Sarangi,sarangi,467,81,0.9999999999926246,0.0,"Sometimes he had a subdued harmonium accompaniment, but he almost never used the sarangi.",2,7,== Singing career ==
http://dbpedia.org/class/yago/Device103183080,http://dbpedia.org/resource/Sarangi,sarangi,467,81,0.9999999999926246,0.0,"Sometimes he had a subdued harmonium accompaniment, but he almost never used the sarangi.",2,7,== Singing career ==
http://dbpedia.org/class/yago/Instrument103574816,http://dbpedia.org/resource/Sarangi,sarangi,467,81,0.9999999999926246,0.0,"Sometimes he had a subdued harmonium accompaniment, but he almost never used the sarangi.",2,7,== Singing career ==
http://dbpedia.org/class/yago/Instrumentality103575240,http://dbpedia.org/resource/Sarangi,sarangi,467,81,0.9999999999926246,0.0,"Sometimes he had a subdued harmonium accompaniment, but he almost never used the sarangi.",2,7,== Singing career ==
http://dbpedia.org/class/yago/MusicalInstrument103800933,http://dbpedia.org/resource/Sarangi,sarangi,467,81,0.9999999999926246,0.0,"Sometimes he had a subdued harmonium accompaniment, but he almost never used the sarangi.",2,7,== Singing career ==
http://dbpedia.org/class/yago/Object100002684,http://dbpedia.org/resource/Sarangi,sarangi,467,81,0.9999999999926246,0.0,"Sometimes he had a subdued harmonium accompaniment, but he almost never used the sarangi.",2,7,== Singing career ==
http://dbpedia.org/class/yago/PhysicalEntity100001930,http://dbpedia.org/resource/Sarangi,sarangi,467,81,0.9999999999926246,0.0,"Sometimes he had a subdued harmonium accompaniment, but he almost never used the sarangi.",2,7,== Singing career ==
http://dbpedia.org/class/yago/StringedInstrument104338517,http://dbpedia.org/resource/Sarangi,sarangi,467,81,0.9999999999926246,0.0,"Sometimes he had a subdued harmonium accompaniment, but he almost never used the sarangi.",2,7,== Singing career ==
http://dbpedia.org/class/yago/Whole100003553,http://dbpedia.org/resource/Sarangi,sarangi,467,81,0.9999999999926246,0.0,"Sometimes he had a subdued harmonium accompaniment, but he almost never used the sarangi.",2,7,== Singing career ==
http://dbpedia.org/class/yago/WikicatNepaleseMusicalInstruments,http://dbpedia.org/resource/Sarangi,sarangi,467,81,0.9999999999926246,0.0,"Sometimes he had a subdued harmonium accompaniment, but he almost never used the sarangi.",2,7,== Singing career ==
http://dbpedia.org/class/yago/WikicatPakistaniMusicalInstruments,http://dbpedia.org/resource/Sarangi,sarangi,467,81,0.9999999999926246,0.0,"Sometimes he had a subdued harmonium accompaniment, but he almost never used the sarangi.",2,7,== Singing career ==
http://dbpedia.org/class/yago/WikicatStringInstruments,http://dbpedia.org/resource/Sarangi,sarangi,467,81,0.9999999999926246,0.0,"Sometimes he had a subdued harmonium accompaniment, but he almost never used the sarangi.",2,7,== Singing career ==
http://dbpedia.org/class/yago/WikicatStringInstrumentsWithSympatheticStrings,http://dbpedia.org/resource/Sarangi,sarangi,467,81,0.9999999999926246,0.0,"Sometimes he had a subdued harmonium accompaniment, but he almost never used the sarangi.",2,7,== Singing career ==
http://www.w3.org/2002/07/owl#Thing,http://dbpedia.org/resource/Hindustani_classical_music,Hindustani,1776,64,0.9999996862165328,3.1378262089224944e-07,"According to Kumarprasad Mukhopadhyay's book ""The Lost World of Hindustani Music"", Bade Ghulam Ali Khan's music was extroverted, exuberant and a crowd-puller, whereas Amir Khan's was an introverted, dignified darbar style.",5,7,== Singing career ==
http://dbpedia.org/ontology/MusicGenre,http://dbpedia.org/resource/Hindustani_classical_music,Hindustani,1776,64,0.9999996862165328,3.1378262089224944e-07,"According to Kumarprasad Mukhopadhyay's book ""The Lost World of Hindustani Music"", Bade Ghulam Ali Khan's music was extroverted, exuberant and a crowd-puller, whereas Amir Khan's was an introverted, dignified darbar style.",5,7,== Singing career ==
http://dbpedia.org/class/yago/WikicatIndianStylesOfMusic,http://dbpedia.org/resource/Hindustani_classical_music,Hindustani,1776,64,0.9999996862165328,3.1378262089224944e-07,"According to Kumarprasad Mukhopadhyay's book ""The Lost World of Hindustani Music"", Bade Ghulam Ali Khan's music was extroverted, exuberant and a crowd-puller, whereas Amir Khan's was an introverted, dignified darbar style.",5,7,== Singing career ==
http://dbpedia.org/class/yago/Abstraction100002137,http://dbpedia.org/resource/Hindustani_classical_music,Hindustani,1776,64,0.9999996862165328,3.1378262089224944e-07,"According to Kumarprasad Mukhopadhyay's book ""The Lost World of Hindustani Music"", Bade Ghulam Ali Khan's music was extroverted, exuberant and a crowd-puller, whereas Amir Khan's was an introverted, dignified darbar style.",5,7,== Singing career ==
http://dbpedia.org/class/yago/Attribute100024264,http://dbpedia.org/resource/Hindustani_classical_music,Hindustani,1776,64,0.9999996862165328,3.1378262089224944e-07,"According to Kumarprasad Mukhopadhyay's book ""The Lost World of Hindustani Music"", Bade Ghulam Ali Khan's music was extroverted, exuberant and a crowd-puller, whereas Amir Khan's was an introverted, dignified darbar style.",5,7,== Singing career ==
http://dbpedia.org/class/yago/AuditoryCommunication107109019,http://dbpedia.org/resource/Hindustani_classical_music,Hindustani,1776,64,0.9999996862165328,3.1378262089224944e-07,"According to Kumarprasad Mukhopadhyay's book ""The Lost World of Hindustani Music"", Bade Ghulam Ali Khan's music was extroverted, exuberant and a crowd-puller, whereas Amir Khan's was an introverted, dignified darbar style.",5,7,== Singing career ==
http://dbpedia.org/class/yago/ClassicalMusic107025900,http://dbpedia.org/resource/Hindustani_classical_music,Hindustani,1776,64,0.9999996862165328,3.1378262089224944e-07,"According to Kumarprasad Mukhopadhyay's book ""The Lost World of Hindustani Music"", Bade Ghulam Ali Khan's music was extroverted, exuberant and a crowd-puller, whereas Amir Khan's was an introverted, dignified darbar style.",5,7,== Singing career ==
http://dbpedia.org/class/yago/Communication100033020,http://dbpedia.org/resource/Hindustani_classical_music,Hindustani,1776,64,0.9999996862165328,3.1378262089224944e-07,"According to Kumarprasad Mukhopadhyay's book ""The Lost World of Hindustani Music"", Bade Ghulam Ali Khan's music was extroverted, exuberant and a crowd-puller, whereas Amir Khan's was an introverted, dignified darbar style.",5,7,== Singing career ==
http://dbpedia.org/class/yago/ExpressiveStyle107066659,http://dbpedia.org/resource/Hindustani_classical_music,Hindustani,1776,64,0.9999996862165328,3.1378262089224944e-07,"According to Kumarprasad Mukhopadhyay's book ""The Lost World of Hindustani Music"", Bade Ghulam Ali Khan's music was extroverted, exuberant and a crowd-puller, whereas Amir Khan's was an introverted, dignified darbar style.",5,7,== Singing career ==
http://dbpedia.org/class/yago/Manner104928903,http://dbpedia.org/resource/Hindustani_classical_music,Hindustani,1776,64,0.9999996862165328,3.1378262089224944e-07,"According to Kumarprasad Mukhopadhyay's book ""The Lost World of Hindustani Music"", Bade Ghulam Ali Khan's music was extroverted, exuberant and a crowd-puller, whereas Amir Khan's was an introverted, dignified darbar style.",5,7,== Singing career ==
http://dbpedia.org/class/yago/Music107020895,http://dbpedia.org/resource/Hindustani_classical_music,Hindustani,1776,64,0.9999996862165328,3.1378262089224944e-07,"According to Kumarprasad Mukhopadhyay's book ""The Lost World of Hindustani Music"", Bade Ghulam Ali Khan's music was extroverted, exuberant and a crowd-puller, whereas Amir Khan's was an introverted, dignified darbar style.",5,7,== Singing career ==
http://dbpedia.org/class/yago/MusicGenre107071942,http://dbpedia.org/resource/Hindustani_classical_music,Hindustani,1776,64,0.9999996862165328,3.1378262089224944e-07,"According to Kumarprasad Mukhopadhyay's book ""The Lost World of Hindustani Music"", Bade Ghulam Ali Khan's music was extroverted, exuberant and a crowd-puller, whereas Amir Khan's was an introverted, dignified darbar style.",5,7,== Singing career ==
http://dbpedia.org/class/yago/Property104916342,http://dbpedia.org/resource/Hindustani_classical_music,Hindustani,1776,64,0.9999996862165328,3.1378262089224944e-07,"According to Kumarprasad Mukhopadhyay's book ""The Lost World of Hindustani Music"", Bade Ghulam Ali Khan's music was extroverted, exuberant and a crowd-puller, whereas Amir Khan's was an introverted, dignified darbar style.",5,7,== Singing career ==
http://dbpedia.org/class/yago/WikicatPakistaniStylesOfMusic,http://dbpedia.org/resource/Hindustani_classical_music,Hindustani,1776,64,0.9999996862165328,3.1378262089224944e-07,"According to Kumarprasad Mukhopadhyay's book ""The Lost World of Hindustani Music"", Bade Ghulam Ali Khan's music was extroverted, exuberant and a crowd-puller, whereas Amir Khan's was an introverted, dignified darbar style.",5,7,== Singing career ==
http://www.w3.org/2002/07/owl#Thing,http://dbpedia.org/resource/Emir,Amir,3180,0,0.9926687872142992,0.0054617041897321,"Amir Khansahib believed that poetry was important in khyal compositions, and with his pen name, Sur Rang (""colored in swara""), he has left several compositions.",6,7,== Singing career ==
http://www.w3.org/2002/07/owl#Thing,http://dbpedia.org/resource/Poetry,poetry,21256,29,0.9971374142650024,0.0007979068003141049,"Amir Khansahib believed that poetry was important in khyal compositions, and with his pen name, Sur Rang (""colored in swara""), he has left several compositions.",6,7,== Singing career ==
http://dbpedia.org/ontology/MusicGenre,http://dbpedia.org/resource/Poetry,poetry,21256,29,0.9971374142650024,0.0007979068003141049,"Amir Khansahib believed that poetry was important in khyal compositions, and with his pen name, Sur Rang (""colored in swara""), he has left several compositions.",6,7,== Singing career ==
http://www.w3.org/2002/07/owl#Thing,http://dbpedia.org/resource/Khyal,khyal,324,53,1.0,0.0,"Amir Khansahib believed that poetry was important in khyal compositions, and with his pen name, Sur Rang (""colored in swara""), he has left several compositions.",6,7,== Singing career ==
http://dbpedia.org/ontology/MusicGenre,http://dbpedia.org/resource/Khyal,khyal,324,53,1.0,0.0,"Amir Khansahib believed that poetry was important in khyal compositions, and with his pen name, Sur Rang (""colored in swara""), he has left several compositions.",6,7,== Singing career ==
http://dbpedia.org/class/yago/WikicatIndianStylesOfMusic,http://dbpedia.org/resource/Khyal,khyal,324,53,1.0,0.0,"Amir Khansahib believed that poetry was important in khyal compositions, and with his pen name, Sur Rang (""colored in swara""), he has left several compositions.",6,7,== Singing career ==
http://dbpedia.org/class/yago/WikicatMusicGenres,http://dbpedia.org/resource/Khyal,khyal,324,53,1.0,0.0,"Amir Khansahib believed that poetry was important in khyal compositions, and with his pen name, Sur Rang (""colored in swara""), he has left several compositions.",6,7,== Singing career ==
http://dbpedia.org/class/yago/Abstraction100002137,http://dbpedia.org/resource/Khyal,khyal,324,53,1.0,0.0,"Amir Khansahib believed that poetry was important in khyal compositions, and with his pen name, Sur Rang (""colored in swara""), he has left several compositions.",6,7,== Singing career ==
http://dbpedia.org/class/yago/Attribute100024264,http://dbpedia.org/resource/Khyal,khyal,324,53,1.0,0.0,"Amir Khansahib believed that poetry was important in khyal compositions, and with his pen name, Sur Rang (""colored in swara""), he has left several compositions.",6,7,== Singing career ==
http://dbpedia.org/class/yago/AuditoryCommunication107109019,http://dbpedia.org/resource/Khyal,khyal,324,53,1.0,0.0,"Amir Khansahib believed that poetry was important in khyal compositions, and with his pen name, Sur Rang (""colored in swara""), he has left several compositions.",6,7,== Singing career ==
http://dbpedia.org/class/yago/ClassicalMusic107025900,http://dbpedia.org/resource/Khyal,khyal,324,53,1.0,0.0,"Amir Khansahib believed that poetry was important in khyal compositions, and with his pen name, Sur Rang (""colored in swara""), he has left several compositions.",6,7,== Singing career ==
http://dbpedia.org/class/yago/Communication100033020,http://dbpedia.org/resource/Khyal,khyal,324,53,1.0,0.0,"Amir Khansahib believed that poetry was important in khyal compositions, and with his pen name, Sur Rang (""colored in swara""), he has left several compositions.",6,7,== Singing career ==
http://dbpedia.org/class/yago/ExpressiveStyle107066659,http://dbpedia.org/resource/Khyal,khyal,324,53,1.0,0.0,"Amir Khansahib believed that poetry was important in khyal compositions, and with his pen name, Sur Rang (""colored in swara""), he has left several compositions.",6,7,== Singing career ==
http://dbpedia.org/class/yago/Manner104928903,http://dbpedia.org/resource/Khyal,khyal,324,53,1.0,0.0,"Amir Khansahib believed that poetry was important in khyal compositions, and with his pen name, Sur Rang (""colored in swara""), he has left several compositions.",6,7,== Singing career ==
http://dbpedia.org/class/yago/Music107020895,http://dbpedia.org/resource/Khyal,khyal,324,53,1.0,0.0,"Amir Khansahib believed that poetry was important in khyal compositions, and with his pen name, Sur Rang (""colored in swara""), he has left several compositions.",6,7,== Singing career ==
http://dbpedia.org/class/yago/MusicGenre107071942,http://dbpedia.org/resource/Khyal,khyal,324,53,1.0,0.0,"Amir Khansahib believed that poetry was important in khyal compositions, and with his pen name, Sur Rang (""colored in swara""), he has left several compositions.",6,7,== Singing career ==
http://dbpedia.org/class/yago/Property104916342,http://dbpedia.org/resource/Khyal,khyal,324,53,1.0,0.0,"Amir Khansahib believed that poetry was important in khyal compositions, and with his pen name, Sur Rang (""colored in swara""), he has left several compositions.",6,7,== Singing career ==
http://www.w3.org/2002/07/owl#Thing,http://dbpedia.org/resource/Pen,pen,969,86,0.9934403579241996,0.0060107692306379,"Amir Khansahib believed that poetry was important in khyal compositions, and with his pen name, Sur Rang (""colored in swara""), he has left several compositions.",6,7,== Singing career ==
http://www.w3.org/2002/07/owl#Thing,http://dbpedia.org/resource/Classical_music,classical,9694,49,0.9994760554376284,0.00043378703082359486,"He believed in competition between the genres of classical music and film and other popular music, and he felt that classical renderings needed to be made more beautiful while remaining faithful to the spirit and grammar of the raga (""बाज़ लोग ऐसे थे के जो खूब्सूरती बनाने के लिये वो राग को ज़रा इधर-उधर कर दिया करते थे, लेकिन मै यह कोशीश करता हूं के ज़्यादा से ज़्यादा राग खूब्सूरत हो लेकिन राग अप्नी जगह राग रहे"").",0,8,== Singing career ==
http://dbpedia.org/ontology/MusicGenre,http://dbpedia.org/resource/Classical_music,classical,9694,49,0.9994760554376284,0.00043378703082359486,"He believed in competition between the genres of classical music and film and other popular music, and he felt that classical renderings needed to be made more beautiful while remaining faithful to the spirit and grammar of the raga (""बाज़ लोग ऐसे थे के जो खूब्सूरती बनाने के लिये वो राग को ज़रा इधर-उधर कर दिया करते थे, लेकिन मै यह कोशीश करता हूं के ज़्यादा से ज़्यादा राग खूब्सूरत हो लेकिन राग अप्नी जगह राग रहे"").",0,8,== Singing career ==
http://dbpedia.org/ontology/Agent,http://dbpedia.org/resource/Classical_music,classical,9694,49,0.9994760554376284,0.00043378703082359486,"He believed in competition between the genres of classical music and film and other popular music, and he felt that classical renderings needed to be made more beautiful while remaining faithful to the spirit and grammar of the raga (""बाज़ लोग ऐसे थे के जो खूब्सूरती बनाने के लिये वो राग को ज़रा इधर-उधर कर दिया करते थे, लेकिन मै यह कोशीश करता हूं के ज़्यादा से ज़्यादा राग खूब्सूरत हो लेकिन राग अप्नी जगह राग रहे"").",0,8,== Singing career ==
http://www.w3.org/2002/07/owl#Thing,http://dbpedia.org/resource/Popular_music,popular music,5030,84,0.5766199041335199,0.7342072686247002,"He believed in competition between the genres of classical music and film and other popular music, and he felt that classical renderings needed to be made more beautiful while remaining faithful to the spirit and grammar of the raga (""बाज़ लोग ऐसे थे के जो खूब्सूरती बनाने के लिये वो राग को ज़रा इधर-उधर कर दिया करते थे, लेकिन मै यह कोशीश करता हूं के ज़्यादा से ज़्यादा राग खूब्सूरत हो लेकिन राग अप्नी जगह राग रहे"").",0,8,== Singing career ==
http://dbpedia.org/ontology/MusicGenre,http://dbpedia.org/resource/Popular_music,popular music,5030,84,0.5766199041335199,0.7342072686247002,"He believed in competition between the genres of classical music and film and other popular music, and he felt that classical renderings needed to be made more beautiful while remaining faithful to the spirit and grammar of the raga (""बाज़ लोग ऐसे थे के जो खूब्सूरती बनाने के लिये वो राग को ज़रा इधर-उधर कर दिया करते थे, लेकिन मै यह कोशीश करता हूं के ज़्यादा से ज़्यादा राग खूब्सूरत हो लेकिन राग अप्नी जगह राग रहे"").",0,8,== Singing career ==
http://www.w3.org/2002/07/owl#Thing,http://dbpedia.org/resource/Classical_music,classical,9694,116,0.9994760554376284,0.00043378703082359486,"He believed in competition between the genres of classical music and film and other popular music, and he felt that classical renderings needed to be made more beautiful while remaining faithful to the spirit and grammar of the raga (""बाज़ लोग ऐसे थे के जो खूब्सूरती बनाने के लिये वो राग को ज़रा इधर-उधर कर दिया करते थे, लेकिन मै यह कोशीश करता हूं के ज़्यादा से ज़्यादा राग खूब्सूरत हो लेकिन राग अप्नी जगह राग रहे"").",0,8,== Singing career ==
http://dbpedia.org/ontology/MusicGenre,http://dbpedia.org/resource/Classical_music,classical,9694,116,0.9994760554376284,0.00043378703082359486,"He believed in competition between the genres of classical music and film and other popular music, and he felt that classical renderings needed to be made more beautiful while remaining faithful to the spirit and grammar of the raga (""बाज़ लोग ऐसे थे के जो खूब्सूरती बनाने के लिये वो राग को ज़रा इधर-उधर कर दिया करते थे, लेकिन मै यह कोशीश करता हूं के ज़्यादा से ज़्यादा राग खूब्सूरत हो लेकिन राग अप्नी जगह राग रहे"").",0,8,== Singing career ==
http://dbpedia.org/ontology/Agent,http://dbpedia.org/resource/Classical_music,classical,9694,116,0.9994760554376284,0.00043378703082359486,"He believed in competition between the genres of classical music and film and other popular music, and he felt that classical renderings needed to be made more beautiful while remaining faithful to the spirit and grammar of the raga (""बाज़ लोग ऐसे थे के जो खूब्सूरती बनाने के लिये वो राग को ज़रा इधर-उधर कर दिया करते थे, लेकिन मै यह कोशीश करता हूं के ज़्यादा से ज़्यादा राग खूब्सूरत हो लेकिन राग अप्नी जगह राग रहे"").",0,8,== Singing career ==
http://www.w3.org/2002/07/owl#Thing,http://dbpedia.org/resource/Grammar,grammar,4084,213,0.8462104529489549,0.091646758735665,"He believed in competition between the genres of classical music and film and other popular music, and he felt that classical renderings needed to be made more beautiful while remaining faithful to the spirit and grammar of the raga (""बाज़ लोग ऐसे थे के जो खूब्सूरती बनाने के लिये वो राग को ज़रा इधर-उधर कर दिया करते थे, लेकिन मै यह कोशीश करता हूं के ज़्यादा से ज़्यादा राग खूब्सूरत हो लेकिन राग अप्नी जगह राग रहे"").",0,8,== Singing career ==
http://dbpedia.org/ontology/PersonFunction,http://dbpedia.org/resource/Grammar,grammar,4084,213,0.8462104529489549,0.091646758735665,"He believed in competition between the genres of classical music and film and other popular music, and he felt that classical renderings needed to be made more beautiful while remaining faithful to the spirit and grammar of the raga (""बाज़ लोग ऐसे थे के जो खूब्सूरती बनाने के लिये वो राग को ज़रा इधर-उधर कर दिया करते थे, लेकिन मै यह कोशीश करता हूं के ज़्यादा से ज़्यादा राग खूब्सूरत हो लेकिन राग अप्नी जगह राग रहे"").",0,8,== Singing career ==
http://www.w3.org/2002/07/owl#Thing,http://dbpedia.org/resource/Raga,raga,2612,228,0.9999999999621424,3.7877910071720816e-11,"He believed in competition between the genres of classical music and film and other popular music, and he felt that classical renderings needed to be made more beautiful while remaining faithful to the spirit and grammar of the raga (""बाज़ लोग ऐसे थे के जो खूब्सूरती बनाने के लिये वो राग को ज़रा इधर-उधर कर दिया करते थे, लेकिन मै यह कोशीश करता हूं के ज़्यादा से ज़्यादा राग खूब्सूरत हो लेकिन राग अप्नी जगह राग रहे"").",0,8,== Singing career ==
http://dbpedia.org/ontology/PublicTransitSystem,http://dbpedia.org/resource/Raga,raga,2612,228,0.9999999999621424,3.7877910071720816e-11,"He believed in competition between the genres of classical music and film and other popular music, and he felt that classical renderings needed to be made more beautiful while remaining faithful to the spirit and grammar of the raga (""बाज़ लोग ऐसे थे के जो खूब्सूरती बनाने के लिये वो राग को ज़रा इधर-उधर कर दिया करते थे, लेकिन मै यह कोशीश करता हूं के ज़्यादा से ज़्यादा राग खूब्सूरत हो लेकिन राग अप्नी जगह राग रहे"").",0,8,== Singing career ==
http://dbpedia.org/ontology/MusicGenre,http://dbpedia.org/resource/Raga,raga,2612,228,0.9999999999621424,3.7877910071720816e-11,"He believed in competition between the genres of classical music and film and other popular music, and he felt that classical renderings needed to be made more beautiful while remaining faithful to the spirit and grammar of the raga (""बाज़ लोग ऐसे थे के जो खूब्सूरती बनाने के लिये वो राग को ज़रा इधर-उधर कर दिया करते थे, लेकिन मै यह कोशीश करता हूं के ज़्यादा से ज़्यादा राग खूब्सूरत हो लेकिन राग अप्नी जगह राग रहे"").",0,8,== Singing career ==
http://dbpedia.org/class/yago/Writing106359877,http://dbpedia.org/resource/Raga,raga,2612,228,0.9999999999621424,3.7877910071720816e-11,"He believed in competition between the genres of classical music and film and other popular music, and he felt that classical renderings needed to be made more beautiful while remaining faithful to the spirit and grammar of the raga (""बाज़ लोग ऐसे थे के जो खूब्सूरती बनाने के लिये वो राग को ज़रा इधर-उधर कर दिया करते थे, लेकिन मै यह कोशीश करता हूं के ज़्यादा से ज़्यादा राग खूब्सूरत हो लेकिन राग अप्नी जगह राग रहे"").",0,8,== Singing career ==
http://dbpedia.org/class/yago/WrittenCommunication106349220,http://dbpedia.org/resource/Raga,raga,2612,228,0.9999999999621424,3.7877910071720816e-11,"He believed in competition between the genres of classical music and film and other popular music, and he felt that classical renderings needed to be made more beautiful while remaining faithful to the spirit and grammar of the raga (""बाज़ लोग ऐसे थे के जो खूब्सूरती बनाने के लिये वो राग को ज़रा इधर-उधर कर दिया करते थे, लेकिन मै यह कोशीश करता हूं के ज़्यादा से ज़्यादा राग खूब्सूरत हो लेकिन राग अप्नी जगह राग रहे"").",0,8,== Singing career ==
http://dbpedia.org/class/yago/WikicatModes,http://dbpedia.org/resource/Raga,raga,2612,228,0.9999999999621424,3.7877910071720816e-11,"He believed in competition between the genres of classical music and film and other popular music, and he felt that classical renderings needed to be made more beautiful while remaining faithful to the spirit and grammar of the raga (""बाज़ लोग ऐसे थे के जो खूब्सूरती बनाने के लिये वो राग को ज़रा इधर-उधर कर दिया करते थे, लेकिन मै यह कोशीश करता हूं के ज़्यादा से ज़्यादा राग खूब्सूरत हो लेकिन राग अप्नी जगह राग रहे"").",0,8,== Singing career ==
http://dbpedia.org/class/yago/WikicatMusicGenres,http://dbpedia.org/resource/Raga,raga,2612,228,0.9999999999621424,3.7877910071720816e-11,"He believed in competition between the genres of classical music and film and other popular music, and he felt that classical renderings needed to be made more beautiful while remaining faithful to the spirit and grammar of the raga (""बाज़ लोग ऐसे थे के जो खूब्सूरती बनाने के लिये वो राग को ज़रा इधर-उधर कर दिया करते थे, लेकिन मै यह कोशीश करता हूं के ज़्यादा से ज़्यादा राग खूब्सूरत हो लेकिन राग अप्नी जगह राग रहे"").",0,8,== Singing career ==
http://dbpedia.org/class/yago/WikicatMusicalScales,http://dbpedia.org/resource/Raga,raga,2612,228,0.9999999999621424,3.7877910071720816e-11,"He believed in competition between the genres of classical music and film and other popular music, and he felt that classical renderings needed to be made more beautiful while remaining faithful to the spirit and grammar of the raga (""बाज़ लोग ऐसे थे के जो खूब्सूरती बनाने के लिये वो राग को ज़रा इधर-उधर कर दिया करते थे, लेकिन मै यह कोशीश करता हूं के ज़्यादा से ज़्यादा राग खूब्सूरत हो लेकिन राग अप्नी जगह राग रहे"").",0,8,== Singing career ==
http://dbpedia.org/class/yago/Abstraction100002137,http://dbpedia.org/resource/Raga,raga,2612,228,0.9999999999621424,3.7877910071720816e-11,"He believed in competition between the genres of classical music and film and other popular music, and he felt that classical renderings needed to be made more beautiful while remaining faithful to the spirit and grammar of the raga (""बाज़ लोग ऐसे थे के जो खूब्सूरती बनाने के लिये वो राग को ज़रा इधर-उधर कर दिया करते थे, लेकिन मै यह कोशीश करता हूं के ज़्यादा से ज़्यादा राग खूब्सूरत हो लेकिन राग अप्नी जगह राग रहे"").",0,8,== Singing career ==
http://dbpedia.org/class/yago/Attribute100024264,http://dbpedia.org/resource/Raga,raga,2612,228,0.9999999999621424,3.7877910071720816e-11,"He believed in competition between the genres of classical music and film and other popular music, and he felt that classical renderings needed to be made more beautiful while remaining faithful to the spirit and grammar of the raga (""बाज़ लोग ऐसे थे के जो खूब्सूरती बनाने के लिये वो राग को ज़रा इधर-उधर कर दिया करते थे, लेकिन मै यह कोशीश करता हूं के ज़्यादा से ज़्यादा राग खूब्सूरत हो लेकिन राग अप्नी जगह राग रहे"").",0,8,== Singing career ==
http://dbpedia.org/class/yago/AuditoryCommunication107109019,http://dbpedia.org/resource/Raga,raga,2612,228,0.9999999999621424,3.7877910071720816e-11,"He believed in competition between the genres of classical music and film and other popular music, and he felt that classical renderings needed to be made more beautiful while remaining faithful to the spirit and grammar of the raga (""बाज़ लोग ऐसे थे के जो खूब्सूरती बनाने के लिये वो राग को ज़रा इधर-उधर कर दिया करते थे, लेकिन मै यह कोशीश करता हूं के ज़्यादा से ज़्यादा राग खूब्सूरत हो लेकिन राग अप्नी जगह राग रहे"").",0,8,== Singing career ==
http://dbpedia.org/class/yago/Communication100033020,http://dbpedia.org/resource/Raga,raga,2612,228,0.9999999999621424,3.7877910071720816e-11,"He believed in competition between the genres of classical music and film and other popular music, and he felt that classical renderings needed to be made more beautiful while remaining faithful to the spirit and grammar of the raga (""बाज़ लोग ऐसे थे के जो खूब्सूरती बनाने के लिये वो राग को ज़रा इधर-उधर कर दिया करते थे, लेकिन मै यह कोशीश करता हूं के ज़्यादा से ज़्यादा राग खूब्सूरत हो लेकिन राग अप्नी जगह राग रहे"").",0,8,== Singing career ==
http://dbpedia.org/class/yago/ExpressiveStyle107066659,http://dbpedia.org/resource/Raga,raga,2612,228,0.9999999999621424,3.7877910071720816e-11,"He believed in competition between the genres of classical music and film and other popular music, and he felt that classical renderings needed to be made more beautiful while remaining faithful to the spirit and grammar of the raga (""बाज़ लोग ऐसे थे के जो खूब्सूरती बनाने के लिये वो राग को ज़रा इधर-उधर कर दिया करते थे, लेकिन मै यह कोशीश करता हूं के ज़्यादा से ज़्यादा राग खूब्सूरत हो लेकिन राग अप्नी जगह राग रहे"").",0,8,== Singing career ==
http://dbpedia.org/class/yago/Manner104928903,http://dbpedia.org/resource/Raga,raga,2612,228,0.9999999999621424,3.7877910071720816e-11,"He believed in competition between the genres of classical music and film and other popular music, and he felt that classical renderings needed to be made more beautiful while remaining faithful to the spirit and grammar of the raga (""बाज़ लोग ऐसे थे के जो खूब्सूरती बनाने के लिये वो राग को ज़रा इधर-उधर कर दिया करते थे, लेकिन मै यह कोशीश करता हूं के ज़्यादा से ज़्यादा राग खूब्सूरत हो लेकिन राग अप्नी जगह राग रहे"").",0,8,== Singing career ==
http://dbpedia.org/class/yago/Music107020895,http://dbpedia.org/resource/Raga,raga,2612,228,0.9999999999621424,3.7877910071720816e-11,"He believed in competition between the genres of classical music and film and other popular music, and he felt that classical renderings needed to be made more beautiful while remaining faithful to the spirit and grammar of the raga (""बाज़ लोग ऐसे थे के जो खूब्सूरती बनाने के लिये वो राग को ज़रा इधर-उधर कर दिया करते थे, लेकिन मै यह कोशीश करता हूं के ज़्यादा से ज़्यादा राग खूब्सूरत हो लेकिन राग अप्नी जगह राग रहे"").",0,8,== Singing career ==
http://dbpedia.org/class/yago/MusicGenre107071942,http://dbpedia.org/resource/Raga,raga,2612,228,0.9999999999621424,3.7877910071720816e-11,"He believed in competition between the genres of classical music and film and other popular music, and he felt that classical renderings needed to be made more beautiful while remaining faithful to the spirit and grammar of the raga (""बाज़ लोग ऐसे थे के जो खूब्सूरती बनाने के लिये वो राग को ज़रा इधर-उधर कर दिया करते थे, लेकिन मै यह कोशीश करता हूं के ज़्यादा से ज़्यादा राग खूब्सूरत हो लेकिन राग अप्नी जगह राग रहे"").",0,8,== Singing career ==
http://dbpedia.org/class/yago/MusicalNotation106814870,http://dbpedia.org/resource/Raga,raga,2612,228,0.9999999999621424,3.7877910071720816e-11,"He believed in competition between the genres of classical music and film and other popular music, and he felt that classical renderings needed to be made more beautiful while remaining faithful to the spirit and grammar of the raga (""बाज़ लोग ऐसे थे के जो खूब्सूरती बनाने के लिये वो राग को ज़रा इधर-उधर कर दिया करते थे, लेकिन मै यह कोशीश करता हूं के ज़्यादा से ज़्यादा राग खूब्सूरत हो लेकिन राग अप्नी जगह राग रहे"").",0,8,== Singing career ==
http://dbpedia.org/class/yago/Notation106808493,http://dbpedia.org/resource/Raga,raga,2612,228,0.9999999999621424,3.7877910071720816e-11,"He believed in competition between the genres of classical music and film and other popular music, and he felt that classical renderings needed to be made more beautiful while remaining faithful to the spirit and grammar of the raga (""बाज़ लोग ऐसे थे के जो खूब्सूरती बनाने के लिये वो राग को ज़रा इधर-उधर कर दिया करते थे, लेकिन मै यह कोशीश करता हूं के ज़्यादा से ज़्यादा राग खूब्सूरत हो लेकिन राग अप्नी जगह राग रहे"").",0,8,== Singing career ==
http://dbpedia.org/class/yago/Property104916342,http://dbpedia.org/resource/Raga,raga,2612,228,0.9999999999621424,3.7877910071720816e-11,"He believed in competition between the genres of classical music and film and other popular music, and he felt that classical renderings needed to be made more beautiful while remaining faithful to the spirit and grammar of the raga (""बाज़ लोग ऐसे थे के जो खूब्सूरती बनाने के लिये वो राग को ज़रा इधर-उधर कर दिया करते थे, लेकिन मै यह कोशीश करता हूं के ज़्यादा से ज़्यादा राग खूब्सूरत हो लेकिन राग अप्नी जगह राग रहे"").",0,8,== Singing career ==
http://dbpedia.org/class/yago/Scale106856568,http://dbpedia.org/resource/Raga,raga,2612,228,0.9999999999621424,3.7877910071720816e-11,"He believed in competition between the genres of classical music and film and other popular music, and he felt that classical renderings needed to be made more beautiful while remaining faithful to the spirit and grammar of the raga (""बाज़ लोग ऐसे थे के जो खूब्सूरती बनाने के लिये वो राग को ज़रा इधर-उधर कर दिया करते थे, लेकिन मै यह कोशीश करता हूं के ज़्यादा से ज़्यादा राग खूब्सूरत हो लेकिन राग अप्नी जगह राग रहे"").",0,8,== Singing career ==
http://www.w3.org/2002/07/owl#Thing,http://dbpedia.org/resource/Raga,raga,2612,22,0.9999999999927524,7.224990147912363e-12,"slow-tempo, leisurely raga development (except with Carnatic ragas, which he typically rendered in medium tempo)",0,10,== Singing career ==
http://dbpedia.org/ontology/PublicTransitSystem,http://dbpedia.org/resource/Raga,raga,2612,22,0.9999999999927524,7.224990147912363e-12,"slow-tempo, leisurely raga development (except with Carnatic ragas, which he typically rendered in medium tempo)",0,10,== Singing career ==
http://dbpedia.org/ontology/MusicGenre,http://dbpedia.org/resource/Raga,raga,2612,22,0.9999999999927524,7.224990147912363e-12,"slow-tempo, leisurely raga development (except with Carnatic ragas, which he typically rendered in medium tempo)",0,10,== Singing career ==
http://dbpedia.org/class/yago/Writing106359877,http://dbpedia.org/resource/Raga,raga,2612,22,0.9999999999927524,7.224990147912363e-12,"slow-tempo, leisurely raga development (except with Carnatic ragas, which he typically rendered in medium tempo)",0,10,== Singing career ==
http://dbpedia.org/class/yago/WrittenCommunication106349220,http://dbpedia.org/resource/Raga,raga,2612,22,0.9999999999927524,7.224990147912363e-12,"slow-tempo, leisurely raga development (except with Carnatic ragas, which he typically rendered in medium tempo)",0,10,== Singing career ==
http://dbpedia.org/class/yago/WikicatModes,http://dbpedia.org/resource/Raga,raga,2612,22,0.9999999999927524,7.224990147912363e-12,"slow-tempo, leisurely raga development (except with Carnatic ragas, which he typically rendered in medium tempo)",0,10,== Singing career ==
http://dbpedia.org/class/yago/WikicatMusicGenres,http://dbpedia.org/resource/Raga,raga,2612,22,0.9999999999927524,7.224990147912363e-12,"slow-tempo, leisurely raga development (except with Carnatic ragas, which he typically rendered in medium tempo)",0,10,== Singing career ==
http://dbpedia.org/class/yago/WikicatMusicalScales,http://dbpedia.org/resource/Raga,raga,2612,22,0.9999999999927524,7.224990147912363e-12,"slow-tempo, leisurely raga development (except with Carnatic ragas, which he typically rendered in medium tempo)",0,10,== Singing career ==
http://dbpedia.org/class/yago/Abstraction100002137,http://dbpedia.org/resource/Raga,raga,2612,22,0.9999999999927524,7.224990147912363e-12,"slow-tempo, leisurely raga development (except with Carnatic ragas, which he typically rendered in medium tempo)",0,10,== Singing career ==
http://dbpedia.org/class/yago/Attribute100024264,http://dbpedia.org/resource/Raga,raga,2612,22,0.9999999999927524,7.224990147912363e-12,"slow-tempo, leisurely raga development (except with Carnatic ragas, which he typically rendered in medium tempo)",0,10,== Singing career ==
http://dbpedia.org/class/yago/AuditoryCommunication107109019,http://dbpedia.org/resource/Raga,raga,2612,22,0.9999999999927524,7.224990147912363e-12,"slow-tempo, leisurely raga development (except with Carnatic ragas, which he typically rendered in medium tempo)",0,10,== Singing career ==
http://dbpedia.org/class/yago/Communication100033020,http://dbpedia.org/resource/Raga,raga,2612,22,0.9999999999927524,7.224990147912363e-12,"slow-tempo, leisurely raga development (except with Carnatic ragas, which he typically rendered in medium tempo)",0,10,== Singing career ==
http://dbpedia.org/class/yago/ExpressiveStyle107066659,http://dbpedia.org/resource/Raga,raga,2612,22,0.9999999999927524,7.224990147912363e-12,"slow-tempo, leisurely raga development (except with Carnatic ragas, which he typically rendered in medium tempo)",0,10,== Singing career ==
http://dbpedia.org/class/yago/Manner104928903,http://dbpedia.org/resource/Raga,raga,2612,22,0.9999999999927524,7.224990147912363e-12,"slow-tempo, leisurely raga development (except with Carnatic ragas, which he typically rendered in medium tempo)",0,10,== Singing career ==
http://dbpedia.org/class/yago/Music107020895,http://dbpedia.org/resource/Raga,raga,2612,22,0.9999999999927524,7.224990147912363e-12,"slow-tempo, leisurely raga development (except with Carnatic ragas, which he typically rendered in medium tempo)",0,10,== Singing career ==
http://dbpedia.org/class/yago/MusicGenre107071942,http://dbpedia.org/resource/Raga,raga,2612,22,0.9999999999927524,7.224990147912363e-12,"slow-tempo, leisurely raga development (except with Carnatic ragas, which he typically rendered in medium tempo)",0,10,== Singing career ==
http://dbpedia.org/class/yago/MusicalNotation106814870,http://dbpedia.org/resource/Raga,raga,2612,22,0.9999999999927524,7.224990147912363e-12,"slow-tempo, leisurely raga development (except with Carnatic ragas, which he typically rendered in medium tempo)",0,10,== Singing career ==
http://dbpedia.org/class/yago/Notation106808493,http://dbpedia.org/resource/Raga,raga,2612,22,0.9999999999927524,7.224990147912363e-12,"slow-tempo, leisurely raga development (except with Carnatic ragas, which he typically rendered in medium tempo)",0,10,== Singing career ==
http://dbpedia.org/class/yago/Property104916342,http://dbpedia.org/resource/Raga,raga,2612,22,0.9999999999927524,7.224990147912363e-12,"slow-tempo, leisurely raga development (except with Carnatic ragas, which he typically rendered in medium tempo)",0,10,== Singing career ==
http://dbpedia.org/class/yago/Scale106856568,http://dbpedia.org/resource/Raga,raga,2612,22,0.9999999999927524,7.224990147912363e-12,"slow-tempo, leisurely raga development (except with Carnatic ragas, which he typically rendered in medium tempo)",0,10,== Singing career ==
http://www.w3.org/2002/07/owl#Thing,http://dbpedia.org/resource/Raga,ragas,2612,61,0.9999999999996874,3.1547998026149254e-13,"slow-tempo, leisurely raga development (except with Carnatic ragas, which he typically rendered in medium tempo)",0,10,== Singing career ==
http://dbpedia.org/ontology/PublicTransitSystem,http://dbpedia.org/resource/Raga,ragas,2612,61,0.9999999999996874,3.1547998026149254e-13,"slow-tempo, leisurely raga development (except with Carnatic ragas, which he typically rendered in medium tempo)",0,10,== Singing career ==
http://dbpedia.org/ontology/MusicGenre,http://dbpedia.org/resource/Raga,ragas,2612,61,0.9999999999996874,3.1547998026149254e-13,"slow-tempo, leisurely raga development (except with Carnatic ragas, which he typically rendered in medium tempo)",0,10,== Singing career ==
http://dbpedia.org/class/yago/Writing106359877,http://dbpedia.org/resource/Raga,ragas,2612,61,0.9999999999996874,3.1547998026149254e-13,"slow-tempo, leisurely raga development (except with Carnatic ragas, which he typically rendered in medium tempo)",0,10,== Singing career ==
http://dbpedia.org/class/yago/WrittenCommunication106349220,http://dbpedia.org/resource/Raga,ragas,2612,61,0.9999999999996874,3.1547998026149254e-13,"slow-tempo, leisurely raga development (except with Carnatic ragas, which he typically rendered in medium tempo)",0,10,== Singing career ==
http://dbpedia.org/class/yago/WikicatModes,http://dbpedia.org/resource/Raga,ragas,2612,61,0.9999999999996874,3.1547998026149254e-13,"slow-tempo, leisurely raga development (except with Carnatic ragas, which he typically rendered in medium tempo)",0,10,== Singing career ==
http://dbpedia.org/class/yago/WikicatMusicGenres,http://dbpedia.org/resource/Raga,ragas,2612,61,0.9999999999996874,3.1547998026149254e-13,"slow-tempo, leisurely raga development (except with Carnatic ragas, which he typically rendered in medium tempo)",0,10,== Singing career ==
http://dbpedia.org/class/yago/WikicatMusicalScales,http://dbpedia.org/resource/Raga,ragas,2612,61,0.9999999999996874,3.1547998026149254e-13,"slow-tempo, leisurely raga development (except with Carnatic ragas, which he typically rendered in medium tempo)",0,10,== Singing career ==
http://dbpedia.org/class/yago/Abstraction100002137,http://dbpedia.org/resource/Raga,ragas,2612,61,0.9999999999996874,3.1547998026149254e-13,"slow-tempo, leisurely raga development (except with Carnatic ragas, which he typically rendered in medium tempo)",0,10,== Singing career ==
http://dbpedia.org/class/yago/Attribute100024264,http://dbpedia.org/resource/Raga,ragas,2612,61,0.9999999999996874,3.1547998026149254e-13,"slow-tempo, leisurely raga development (except with Carnatic ragas, which he typically rendered in medium tempo)",0,10,== Singing career ==
http://dbpedia.org/class/yago/AuditoryCommunication107109019,http://dbpedia.org/resource/Raga,ragas,2612,61,0.9999999999996874,3.1547998026149254e-13,"slow-tempo, leisurely raga development (except with Carnatic ragas, which he typically rendered in medium tempo)",0,10,== Singing career ==
http://dbpedia.org/class/yago/Communication100033020,http://dbpedia.org/resource/Raga,ragas,2612,61,0.9999999999996874,3.1547998026149254e-13,"slow-tempo, leisurely raga development (except with Carnatic ragas, which he typically rendered in medium tempo)",0,10,== Singing career ==
http://dbpedia.org/class/yago/ExpressiveStyle107066659,http://dbpedia.org/resource/Raga,ragas,2612,61,0.9999999999996874,3.1547998026149254e-13,"slow-tempo, leisurely raga development (except with Carnatic ragas, which he typically rendered in medium tempo)",0,10,== Singing career ==
http://dbpedia.org/class/yago/Manner104928903,http://dbpedia.org/resource/Raga,ragas,2612,61,0.9999999999996874,3.1547998026149254e-13,"slow-tempo, leisurely raga development (except with Carnatic ragas, which he typically rendered in medium tempo)",0,10,== Singing career ==
http://dbpedia.org/class/yago/Music107020895,http://dbpedia.org/resource/Raga,ragas,2612,61,0.9999999999996874,3.1547998026149254e-13,"slow-tempo, leisurely raga development (except with Carnatic ragas, which he typically rendered in medium tempo)",0,10,== Singing career ==
http://dbpedia.org/class/yago/MusicGenre107071942,http://dbpedia.org/resource/Raga,ragas,2612,61,0.9999999999996874,3.1547998026149254e-13,"slow-tempo, leisurely raga development (except with Carnatic ragas, which he typically rendered in medium tempo)",0,10,== Singing career ==
http://dbpedia.org/class/yago/MusicalNotation106814870,http://dbpedia.org/resource/Raga,ragas,2612,61,0.9999999999996874,3.1547998026149254e-13,"slow-tempo, leisurely raga development (except with Carnatic ragas, which he typically rendered in medium tempo)",0,10,== Singing career ==
http://dbpedia.org/class/yago/Notation106808493,http://dbpedia.org/resource/Raga,ragas,2612,61,0.9999999999996874,3.1547998026149254e-13,"slow-tempo, leisurely raga development (except with Carnatic ragas, which he typically rendered in medium tempo)",0,10,== Singing career ==
http://dbpedia.org/class/yago/Property104916342,http://dbpedia.org/resource/Raga,ragas,2612,61,0.9999999999996874,3.1547998026149254e-13,"slow-tempo, leisurely raga development (except with Carnatic ragas, which he typically rendered in medium tempo)",0,10,== Singing career ==
http://dbpedia.org/class/yago/Scale106856568,http://dbpedia.org/resource/Raga,ragas,2612,61,0.9999999999996874,3.1547998026149254e-13,"slow-tempo, leisurely raga development (except with Carnatic ragas, which he typically rendered in medium tempo)",0,10,== Singing career ==
http://www.w3.org/2002/07/owl#Thing,http://dbpedia.org/resource/Tempo,tempo,8577,106,0.9999059535723206,9.405478598979733e-05,"slow-tempo, leisurely raga development (except with Carnatic ragas, which he typically rendered in medium tempo)",0,10,== Singing career ==
http://dbpedia.org/ontology/Person,http://dbpedia.org/resource/Tempo,tempo,8577,106,0.9999059535723206,9.405478598979733e-05,"slow-tempo, leisurely raga development (except with Carnatic ragas, which he typically rendered in medium tempo)",0,10,== Singing career ==
http://dbpedia.org/ontology/MusicGenre,http://dbpedia.org/resource/Tempo,tempo,8577,106,0.9999059535723206,9.405478598979733e-05,"slow-tempo, leisurely raga development (except with Carnatic ragas, which he typically rendered in medium tempo)",0,10,== Singing career ==
http://www.w3.org/2002/07/owl#Thing,http://dbpedia.org/resource/Improvisation,improvisation,1717,0,0.875968098354893,0.1301003839405725,improvisation mostly in lower and middle octaves,0,11,== Singing career ==
http://dbpedia.org/ontology/MusicGenre,http://dbpedia.org/resource/Improvisation,improvisation,1717,0,0.875968098354893,0.1301003839405725,improvisation mostly in lower and middle octaves,0,11,== Singing career ==
http://dbpedia.org/ontology/Election,http://dbpedia.org/resource/Improvisation,improvisation,1717,0,0.875968098354893,0.1301003839405725,improvisation mostly in lower and middle octaves,0,11,== Singing career ==
http://www.w3.org/2002/07/owl#Thing,http://dbpedia.org/resource/Raga,ragas,2612,39,0.9999979017598748,2.031244925298732e-06,tendency towards serious and expansive ragas,0,12,== Singing career ==
http://dbpedia.org/ontology/PublicTransitSystem,http://dbpedia.org/resource/Raga,ragas,2612,39,0.9999979017598748,2.031244925298732e-06,tendency towards serious and expansive ragas,0,12,== Singing career ==
http://dbpedia.org/ontology/MusicGenre,http://dbpedia.org/resource/Raga,ragas,2612,39,0.9999979017598748,2.031244925298732e-06,tendency towards serious and expansive ragas,0,12,== Singing career ==
http://dbpedia.org/class/yago/Writing106359877,http://dbpedia.org/resource/Raga,ragas,2612,39,0.9999979017598748,2.031244925298732e-06,tendency towards serious and expansive ragas,0,12,== Singing career ==
http://dbpedia.org/class/yago/WrittenCommunication106349220,http://dbpedia.org/resource/Raga,ragas,2612,39,0.9999979017598748,2.031244925298732e-06,tendency towards serious and expansive ragas,0,12,== Singing career ==
http://dbpedia.org/class/yago/WikicatModes,http://dbpedia.org/resource/Raga,ragas,2612,39,0.9999979017598748,2.031244925298732e-06,tendency towards serious and expansive ragas,0,12,== Singing career ==
http://dbpedia.org/class/yago/WikicatMusicGenres,http://dbpedia.org/resource/Raga,ragas,2612,39,0.9999979017598748,2.031244925298732e-06,tendency towards serious and expansive ragas,0,12,== Singing career ==
http://dbpedia.org/class/yago/WikicatMusicalScales,http://dbpedia.org/resource/Raga,ragas,2612,39,0.9999979017598748,2.031244925298732e-06,tendency towards serious and expansive ragas,0,12,== Singing career ==
http://dbpedia.org/class/yago/Abstraction100002137,http://dbpedia.org/resource/Raga,ragas,2612,39,0.9999979017598748,2.031244925298732e-06,tendency towards serious and expansive ragas,0,12,== Singing career ==
http://dbpedia.org/class/yago/Attribute100024264,http://dbpedia.org/resource/Raga,ragas,2612,39,0.9999979017598748,2.031244925298732e-06,tendency towards serious and expansive ragas,0,12,== Singing career ==
http://dbpedia.org/class/yago/AuditoryCommunication107109019,http://dbpedia.org/resource/Raga,ragas,2612,39,0.9999979017598748,2.031244925298732e-06,tendency towards serious and expansive ragas,0,12,== Singing career ==
http://dbpedia.org/class/yago/Communication100033020,http://dbpedia.org/resource/Raga,ragas,2612,39,0.9999979017598748,2.031244925298732e-06,tendency towards serious and expansive ragas,0,12,== Singing career ==
http://dbpedia.org/class/yago/ExpressiveStyle107066659,http://dbpedia.org/resource/Raga,ragas,2612,39,0.9999979017598748,2.031244925298732e-06,tendency towards serious and expansive ragas,0,12,== Singing career ==
http://dbpedia.org/class/yago/Manner104928903,http://dbpedia.org/resource/Raga,ragas,2612,39,0.9999979017598748,2.031244925298732e-06,tendency towards serious and expansive ragas,0,12,== Singing career ==
http://dbpedia.org/class/yago/Music107020895,http://dbpedia.org/resource/Raga,ragas,2612,39,0.9999979017598748,2.031244925298732e-06,tendency towards serious and expansive ragas,0,12,== Singing career ==
http://dbpedia.org/class/yago/MusicGenre107071942,http://dbpedia.org/resource/Raga,ragas,2612,39,0.9999979017598748,2.031244925298732e-06,tendency towards serious and expansive ragas,0,12,== Singing career ==
http://dbpedia.org/class/yago/MusicalNotation106814870,http://dbpedia.org/resource/Raga,ragas,2612,39,0.9999979017598748,2.031244925298732e-06,tendency towards serious and expansive ragas,0,12,== Singing career ==
http://dbpedia.org/class/yago/Notation106808493,http://dbpedia.org/resource/Raga,ragas,2612,39,0.9999979017598748,2.031244925298732e-06,tendency towards serious and expansive ragas,0,12,== Singing career ==
http://dbpedia.org/class/yago/Property104916342,http://dbpedia.org/resource/Raga,ragas,2612,39,0.9999979017598748,2.031244925298732e-06,tendency towards serious and expansive ragas,0,12,== Singing career ==
http://dbpedia.org/class/yago/Scale106856568,http://dbpedia.org/resource/Raga,ragas,2612,39,0.9999979017598748,2.031244925298732e-06,tendency towards serious and expansive ragas,0,12,== Singing career ==
http://www.w3.org/2002/07/owl#Thing,http://dbpedia.org/resource/Melody,melody,3064,12,0.9999545146179096,3.577680078409085e-05,emphasis on melody,0,13,== Singing career ==
http://dbpedia.org/ontology/PoliticalParty,http://dbpedia.org/resource/Melody,melody,3064,12,0.9999545146179096,3.577680078409085e-05,emphasis on melody,0,13,== Singing career ==
http://dbpedia.org/ontology/Settlement,http://dbpedia.org/resource/Alap,alap,100,4,0.9999999999999858,0.0,bol alap and sargam using merukhand patterns,0,16,== Singing career ==
http://dbpedia.org/class/yago/Writing106362953,http://dbpedia.org/resource/Alap,alap,100,4,0.9999999999999858,0.0,bol alap and sargam using merukhand patterns,0,16,== Singing career ==
http://dbpedia.org/class/yago/WrittenCommunication106349220,http://dbpedia.org/resource/Alap,alap,100,4,0.9999999999999858,0.0,bol alap and sargam using merukhand patterns,0,16,== Singing career ==
http://dbpedia.org/class/yago/Abstraction100002137,http://dbpedia.org/resource/Alap,alap,100,4,0.9999999999999858,0.0,bol alap and sargam using merukhand patterns,0,16,== Singing career ==
http://dbpedia.org/class/yago/AuditoryCommunication107109019,http://dbpedia.org/resource/Alap,alap,100,4,0.9999999999999858,0.0,bol alap and sargam using merukhand patterns,0,16,== Singing career ==
http://dbpedia.org/class/yago/Communication100033020,http://dbpedia.org/resource/Alap,alap,100,4,0.9999999999999858,0.0,bol alap and sargam using merukhand patterns,0,16,== Singing career ==
http://dbpedia.org/class/yago/Music107020895,http://dbpedia.org/resource/Alap,alap,100,4,0.9999999999999858,0.0,bol alap and sargam using merukhand patterns,0,16,== Singing career ==
http://dbpedia.org/class/yago/Section106392001,http://dbpedia.org/resource/Alap,alap,100,4,0.9999999999999858,0.0,bol alap and sargam using merukhand patterns,0,16,== Singing career ==
http://dbpedia.org/class/yago/WikicatFormalSectionsInMusicAnalysis,http://dbpedia.org/resource/Alap,alap,100,4,0.9999999999999858,0.0,bol alap and sargam using merukhand patterns,0,16,== Singing career ==
http://www.w3.org/2002/07/owl#Thing,http://dbpedia.org/resource/Svara,sargam,623,13,0.9999999010126052,9.480801781352137e-08,bol alap and sargam using merukhand patterns,0,16,== Singing career ==
http://dbpedia.org/class/yago/WikicatIndianStylesOfMusic,http://dbpedia.org/resource/Merukhand,merukhand,5,26,0.999999999997641,0.0,bol alap and sargam using merukhand patterns,0,16,== Singing career ==
http://dbpedia.org/class/yago/Abstraction100002137,http://dbpedia.org/resource/Merukhand,merukhand,5,26,0.999999999997641,0.0,bol alap and sargam using merukhand patterns,0,16,== Singing career ==
http://dbpedia.org/class/yago/Attribute100024264,http://dbpedia.org/resource/Merukhand,merukhand,5,26,0.999999999997641,0.0,bol alap and sargam using merukhand patterns,0,16,== Singing career ==
http://dbpedia.org/class/yago/Manner104928903,http://dbpedia.org/resource/Merukhand,merukhand,5,26,0.999999999997641,0.0,bol alap and sargam using merukhand patterns,0,16,== Singing career ==
http://dbpedia.org/class/yago/Property104916342,http://dbpedia.org/resource/Merukhand,merukhand,5,26,0.999999999997641,0.0,bol alap and sargam using merukhand patterns,0,16,== Singing career ==
http://www.w3.org/2002/07/owl#Thing,http://dbpedia.org/resource/Svara,sargam,623,6,0.9999999983178682,1.6111106660234774e-09,using sargam in taan-ang,0,17,== Singing career ==
http://www.w3.org/2002/07/owl#Thing,http://dbpedia.org/resource/Svara,swaras,623,11,0.9999999999986358,0.0,use of kan swaras (acciaccatura) in all parts of performance,0,20,== Singing career ==
http://www.w3.org/2002/07/owl#Thing,http://dbpedia.org/resource/Ornament_(music),acciaccatura,356,19,0.9972339335861252,0.0,use of kan swaras (acciaccatura) in all parts of performance,0,20,== Singing career ==
http://dbpedia.org/class/yago/WikicatArticulations,http://dbpedia.org/resource/Ornament_(music),acciaccatura,356,19,0.9972339335861252,0.0,use of kan swaras (acciaccatura) in all parts of performance,0,20,== Singing career ==
http://dbpedia.org/class/yago/Writing106359877,http://dbpedia.org/resource/Ornament_(music),acciaccatura,356,19,0.9972339335861252,0.0,use of kan swaras (acciaccatura) in all parts of performance,0,20,== Singing career ==
http://dbpedia.org/class/yago/WrittenCommunication106349220,http://dbpedia.org/resource/Ornament_(music),acciaccatura,356,19,0.9972339335861252,0.0,use of kan swaras (acciaccatura) in all parts of performance,0,20,== Singing career ==
http://dbpedia.org/class/yago/WikicatMusicalPerformanceTechniques,http://dbpedia.org/resource/Ornament_(music),acciaccatura,356,19,0.9972339335861252,0.0,use of kan swaras (acciaccatura) in all parts of performance,0,20,== Singing career ==
http://dbpedia.org/class/yago/WikicatMusicalScales,http://dbpedia.org/resource/Ornament_(music),acciaccatura,356,19,0.9972339335861252,0.0,use of kan swaras (acciaccatura) in all parts of performance,0,20,== Singing career ==
http://dbpedia.org/class/yago/WikicatMusicalTechniques,http://dbpedia.org/resource/Ornament_(music),acciaccatura,356,19,0.9972339335861252,0.0,use of kan swaras (acciaccatura) in all parts of performance,0,20,== Singing career ==
http://dbpedia.org/class/yago/Ability105616246,http://dbpedia.org/resource/Ornament_(music),acciaccatura,356,19,0.9972339335861252,0.0,use of kan swaras (acciaccatura) in all parts of performance,0,20,== Singing career ==
http://dbpedia.org/class/yago/Abstraction100002137,http://dbpedia.org/resource/Ornament_(music),acciaccatura,356,19,0.9972339335861252,0.0,use of kan swaras (acciaccatura) in all parts of performance,0,20,== Singing career ==
http://dbpedia.org/class/yago/Articulation107131854,http://dbpedia.org/resource/Ornament_(music),acciaccatura,356,19,0.9972339335861252,0.0,use of kan swaras (acciaccatura) in all parts of performance,0,20,== Singing career ==
http://dbpedia.org/class/yago/AuditoryCommunication107109019,http://dbpedia.org/resource/Ornament_(music),acciaccatura,356,19,0.9972339335861252,0.0,use of kan swaras (acciaccatura) in all parts of performance,0,20,== Singing career ==
http://dbpedia.org/class/yago/Cognition100023271,http://dbpedia.org/resource/Ornament_(music),acciaccatura,356,19,0.9972339335861252,0.0,use of kan swaras (acciaccatura) in all parts of performance,0,20,== Singing career ==
http://dbpedia.org/class/yago/Communication100033020,http://dbpedia.org/resource/Ornament_(music),acciaccatura,356,19,0.9972339335861252,0.0,use of kan swaras (acciaccatura) in all parts of performance,0,20,== Singing career ==
http://dbpedia.org/class/yago/Know-how105616786,http://dbpedia.org/resource/Ornament_(music),acciaccatura,356,19,0.9972339335861252,0.0,use of kan swaras (acciaccatura) in all parts of performance,0,20,== Singing career ==
http://dbpedia.org/class/yago/Method105660268,http://dbpedia.org/resource/Ornament_(music),acciaccatura,356,19,0.9972339335861252,0.0,use of kan swaras (acciaccatura) in all parts of performance,0,20,== Singing career ==
http://dbpedia.org/class/yago/MusicalNotation106814870,http://dbpedia.org/resource/Ornament_(music),acciaccatura,356,19,0.9972339335861252,0.0,use of kan swaras (acciaccatura) in all parts of performance,0,20,== Singing career ==
http://dbpedia.org/class/yago/Notation106808493,http://dbpedia.org/resource/Ornament_(music),acciaccatura,356,19,0.9972339335861252,0.0,use of kan swaras (acciaccatura) in all parts of performance,0,20,== Singing career ==
http://dbpedia.org/class/yago/Pronunciation107128946,http://dbpedia.org/resource/Ornament_(music),acciaccatura,356,19,0.9972339335861252,0.0,use of kan swaras (acciaccatura) in all parts of performance,0,20,== Singing career ==
http://dbpedia.org/class/yago/PsychologicalFeature100023100,http://dbpedia.org/resource/Ornament_(music),acciaccatura,356,19,0.9972339335861252,0.0,use of kan swaras (acciaccatura) in all parts of performance,0,20,== Singing career ==
http://dbpedia.org/class/yago/Scale106856568,http://dbpedia.org/resource/Ornament_(music),acciaccatura,356,19,0.9972339335861252,0.0,use of kan swaras (acciaccatura) in all parts of performance,0,20,== Singing career ==
http://dbpedia.org/class/yago/Technique105665146,http://dbpedia.org/resource/Ornament_(music),acciaccatura,356,19,0.9972339335861252,0.0,use of kan swaras (acciaccatura) in all parts of performance,0,20,== Singing career ==
http://dbpedia.org/class/yago/Utterance107109847,http://dbpedia.org/resource/Ornament_(music),acciaccatura,356,19,0.9972339335861252,0.0,use of kan swaras (acciaccatura) in all parts of performance,0,20,== Singing career ==
http://dbpedia.org/ontology/TopicalConcept,http://dbpedia.org/resource/Tihai,tihai,12,12,0.9999999580921122,0.0,rare use of tihai,0,22,== Singing career ==
http://www.w3.org/2002/07/owl#Thing,http://dbpedia.org/resource/Elocution,enunciation,393,8,0.9999994482832862,0.0,careful enunciation of text of bandish,0,23,== Singing career ==
http://dbpedia.org/ontology/Book,http://dbpedia.org/resource/Elocution,enunciation,393,8,0.9999994482832862,0.0,careful enunciation of text of bandish,0,23,== Singing career ==
http://dbpedia.org/ontology/PersonFunction,http://dbpedia.org/resource/Elocution,enunciation,393,8,0.9999994482832862,0.0,careful enunciation of text of bandish,0,23,== Singing career ==
http://www.w3.org/2002/07/owl#Thing,http://dbpedia.org/resource/Tabla,tabla,2188,53,1.0,0.0,Khansahib demonstrated this in an interview with the tabla player Chatturlal</note>,1,25,== Singing career ==
http://dbpedia.org/class/yago/WikicatAfghanMusicalInstruments,http://dbpedia.org/resource/Tabla,tabla,2188,53,1.0,0.0,Khansahib demonstrated this in an interview with the tabla player Chatturlal</note>,1,25,== Singing career ==
http://dbpedia.org/class/yago/WikicatBangladeshiMusicalInstruments,http://dbpedia.org/resource/Tabla,tabla,2188,53,1.0,0.0,Khansahib demonstrated this in an interview with the tabla player Chatturlal</note>,1,25,== Singing career ==
http://dbpedia.org/ontology/Agent,http://dbpedia.org/resource/Tabla,tabla,2188,53,1.0,0.0,Khansahib demonstrated this in an interview with the tabla player Chatturlal</note>,1,25,== Singing career ==
http://dbpedia.org/class/yago/WikicatHandDrums,http://dbpedia.org/resource/Tabla,tabla,2188,53,1.0,0.0,Khansahib demonstrated this in an interview with the tabla player Chatturlal</note>,1,25,== Singing career ==
http://dbpedia.org/class/yago/WikicatHindustaniMusicalInstruments,http://dbpedia.org/resource/Tabla,tabla,2188,53,1.0,0.0,Khansahib demonstrated this in an interview with the tabla player Chatturlal</note>,1,25,== Singing career ==
http://dbpedia.org/class/yago/WikicatIndianMusicalInstruments,http://dbpedia.org/resource/Tabla,tabla,2188,53,1.0,0.0,Khansahib demonstrated this in an interview with the tabla player Chatturlal</note>,1,25,== Singing career ==
http://dbpedia.org/class/yago/WikicatPercussionInstruments,http://dbpedia.org/resource/Tabla,tabla,2188,53,1.0,0.0,Khansahib demonstrated this in an interview with the tabla player Chatturlal</note>,1,25,== Singing career ==
http://dbpedia.org/ontology/PersonFunction,http://dbpedia.org/resource/Tabla,tabla,2188,53,1.0,0.0,Khansahib demonstrated this in an interview with the tabla player Chatturlal</note>,1,25,== Singing career ==
http://dbpedia.org/class/yago/WikicatDirectlyStruckMembranophones,http://dbpedia.org/resource/Tabla,tabla,2188,53,1.0,0.0,Khansahib demonstrated this in an interview with the tabla player Chatturlal</note>,1,25,== Singing career ==
http://dbpedia.org/class/yago/WikicatDrums,http://dbpedia.org/resource/Tabla,tabla,2188,53,1.0,0.0,Khansahib demonstrated this in an interview with the tabla player Chatturlal</note>,1,25,== Singing career ==
http://dbpedia.org/class/yago/WikicatMembranophones,http://dbpedia.org/resource/Tabla,tabla,2188,53,1.0,0.0,Khansahib demonstrated this in an interview with the tabla player Chatturlal</note>,1,25,== Singing career ==
http://dbpedia.org/class/yago/Artifact100021939,http://dbpedia.org/resource/Tabla,tabla,2188,53,1.0,0.0,Khansahib demonstrated this in an interview with the tabla player Chatturlal</note>,1,25,== Singing career ==
http://dbpedia.org/class/yago/Device103183080,http://dbpedia.org/resource/Tabla,tabla,2188,53,1.0,0.0,Khansahib demonstrated this in an interview with the tabla player Chatturlal</note>,1,25,== Singing career ==
http://dbpedia.org/class/yago/Drum103249569,http://dbpedia.org/resource/Tabla,tabla,2188,53,1.0,0.0,Khansahib demonstrated this in an interview with the tabla player Chatturlal</note>,1,25,== Singing career ==
http://dbpedia.org/class/yago/Instrument103574816,http://dbpedia.org/resource/Tabla,tabla,2188,53,1.0,0.0,Khansahib demonstrated this in an interview with the tabla player Chatturlal</note>,1,25,== Singing career ==
http://dbpedia.org/class/yago/Instrumentality103575240,http://dbpedia.org/resource/Tabla,tabla,2188,53,1.0,0.0,Khansahib demonstrated this in an interview with the tabla player Chatturlal</note>,1,25,== Singing career ==
http://dbpedia.org/class/yago/MusicalInstrument103800933,http://dbpedia.org/resource/Tabla,tabla,2188,53,1.0,0.0,Khansahib demonstrated this in an interview with the tabla player Chatturlal</note>,1,25,== Singing career ==
http://dbpedia.org/class/yago/Object100002684,http://dbpedia.org/resource/Tabla,tabla,2188,53,1.0,0.0,Khansahib demonstrated this in an interview with the tabla player Chatturlal</note>,1,25,== Singing career ==
http://dbpedia.org/class/yago/PercussionInstrument103915437,http://dbpedia.org/resource/Tabla,tabla,2188,53,1.0,0.0,Khansahib demonstrated this in an interview with the tabla player Chatturlal</note>,1,25,== Singing career ==
http://dbpedia.org/class/yago/PhysicalEntity100001930,http://dbpedia.org/resource/Tabla,tabla,2188,53,1.0,0.0,Khansahib demonstrated this in an interview with the tabla player Chatturlal</note>,1,25,== Singing career ==
http://dbpedia.org/class/yago/Whole100003553,http://dbpedia.org/resource/Tabla,tabla,2188,53,1.0,0.0,Khansahib demonstrated this in an interview with the tabla player Chatturlal</note>,1,25,== Singing career ==
http://dbpedia.org/class/yago/WikicatNepaleseMusicalInstruments,http://dbpedia.org/resource/Tabla,tabla,2188,53,1.0,0.0,Khansahib demonstrated this in an interview with the tabla player Chatturlal</note>,1,25,== Singing career ==
http://dbpedia.org/class/yago/WikicatPakistaniMusicalInstruments,http://dbpedia.org/resource/Tabla,tabla,2188,53,1.0,0.0,Khansahib demonstrated this in an interview with the tabla player Chatturlal</note>,1,25,== Singing career ==
http://www.w3.org/2002/07/owl#Thing,http://dbpedia.org/resource/Svara,sargam,623,54,0.999999999999261,7.173091290530027e-13,"mixture of taan types (including chhoot, sapaat, bal, sargam and bol-taan) in a single taan",0,26,== Singing career ==
http://www.w3.org/2002/07/owl#Thing,http://dbpedia.org/resource/Khyal,khyal,324,54,1.0,0.0,"use of ruba'idar tarana (considered similar to chhota khyal)Besides singing in concerts, Amir Khan also sang film songs in ragas, in a purely classical style, most notably for the films Baiju Bawra, Shabaab and Jhanak Jhanak Payal Baaje.",0,27,== Singing career ==
http://dbpedia.org/ontology/MusicGenre,http://dbpedia.org/resource/Khyal,khyal,324,54,1.0,0.0,"use of ruba'idar tarana (considered similar to chhota khyal)Besides singing in concerts, Amir Khan also sang film songs in ragas, in a purely classical style, most notably for the films Baiju Bawra, Shabaab and Jhanak Jhanak Payal Baaje.",0,27,== Singing career ==
http://dbpedia.org/class/yago/WikicatIndianStylesOfMusic,http://dbpedia.org/resource/Khyal,khyal,324,54,1.0,0.0,"use of ruba'idar tarana (considered similar to chhota khyal)Besides singing in concerts, Amir Khan also sang film songs in ragas, in a purely classical style, most notably for the films Baiju Bawra, Shabaab and Jhanak Jhanak Payal Baaje.",0,27,== Singing career ==
http://dbpedia.org/class/yago/WikicatMusicGenres,http://dbpedia.org/resource/Khyal,khyal,324,54,1.0,0.0,"use of ruba'idar tarana (considered similar to chhota khyal)Besides singing in concerts, Amir Khan also sang film songs in ragas, in a purely classical style, most notably for the films Baiju Bawra, Shabaab and Jhanak Jhanak Payal Baaje.",0,27,== Singing career ==
http://dbpedia.org/class/yago/Abstraction100002137,http://dbpedia.org/resource/Khyal,khyal,324,54,1.0,0.0,"use of ruba'idar tarana (considered similar to chhota khyal)Besides singing in concerts, Amir Khan also sang film songs in ragas, in a purely classical style, most notably for the films Baiju Bawra, Shabaab and Jhanak Jhanak Payal Baaje.",0,27,== Singing career ==
http://dbpedia.org/class/yago/Attribute100024264,http://dbpedia.org/resource/Khyal,khyal,324,54,1.0,0.0,"use of ruba'idar tarana (considered similar to chhota khyal)Besides singing in concerts, Amir Khan also sang film songs in ragas, in a purely classical style, most notably for the films Baiju Bawra, Shabaab and Jhanak Jhanak Payal Baaje.",0,27,== Singing career ==
http://dbpedia.org/class/yago/AuditoryCommunication107109019,http://dbpedia.org/resource/Khyal,khyal,324,54,1.0,0.0,"use of ruba'idar tarana (considered similar to chhota khyal)Besides singing in concerts, Amir Khan also sang film songs in ragas, in a purely classical style, most notably for the films Baiju Bawra, Shabaab and Jhanak Jhanak Payal Baaje.",0,27,== Singing career ==
http://dbpedia.org/class/yago/ClassicalMusic107025900,http://dbpedia.org/resource/Khyal,khyal,324,54,1.0,0.0,"use of ruba'idar tarana (considered similar to chhota khyal)Besides singing in concerts, Amir Khan also sang film songs in ragas, in a purely classical style, most notably for the films Baiju Bawra, Shabaab and Jhanak Jhanak Payal Baaje.",0,27,== Singing career ==
http://dbpedia.org/class/yago/Communication100033020,http://dbpedia.org/resource/Khyal,khyal,324,54,1.0,0.0,"use of ruba'idar tarana (considered similar to chhota khyal)Besides singing in concerts, Amir Khan also sang film songs in ragas, in a purely classical style, most notably for the films Baiju Bawra, Shabaab and Jhanak Jhanak Payal Baaje.",0,27,== Singing career ==
http://dbpedia.org/class/yago/ExpressiveStyle107066659,http://dbpedia.org/resource/Khyal,khyal,324,54,1.0,0.0,"use of ruba'idar tarana (considered similar to chhota khyal)Besides singing in concerts, Amir Khan also sang film songs in ragas, in a purely classical style, most notably for the films Baiju Bawra, Shabaab and Jhanak Jhanak Payal Baaje.",0,27,== Singing career ==
http://dbpedia.org/class/yago/Manner104928903,http://dbpedia.org/resource/Khyal,khyal,324,54,1.0,0.0,"use of ruba'idar tarana (considered similar to chhota khyal)Besides singing in concerts, Amir Khan also sang film songs in ragas, in a purely classical style, most notably for the films Baiju Bawra, Shabaab and Jhanak Jhanak Payal Baaje.",0,27,== Singing career ==
http://dbpedia.org/class/yago/Music107020895,http://dbpedia.org/resource/Khyal,khyal,324,54,1.0,0.0,"use of ruba'idar tarana (considered similar to chhota khyal)Besides singing in concerts, Amir Khan also sang film songs in ragas, in a purely classical style, most notably for the films Baiju Bawra, Shabaab and Jhanak Jhanak Payal Baaje.",0,27,== Singing career ==
http://dbpedia.org/class/yago/MusicGenre107071942,http://dbpedia.org/resource/Khyal,khyal,324,54,1.0,0.0,"use of ruba'idar tarana (considered similar to chhota khyal)Besides singing in concerts, Amir Khan also sang film songs in ragas, in a purely classical style, most notably for the films Baiju Bawra, Shabaab and Jhanak Jhanak Payal Baaje.",0,27,== Singing career ==
http://dbpedia.org/class/yago/Property104916342,http://dbpedia.org/resource/Khyal,khyal,324,54,1.0,0.0,"use of ruba'idar tarana (considered similar to chhota khyal)Besides singing in concerts, Amir Khan also sang film songs in ragas, in a purely classical style, most notably for the films Baiju Bawra, Shabaab and Jhanak Jhanak Payal Baaje.",0,27,== Singing career ==
http://www.w3.org/2002/07/owl#Thing,http://dbpedia.org/resource/Raga,ragas,2612,123,1.0,1.6141375383802816e-27,"use of ruba'idar tarana (considered similar to chhota khyal)Besides singing in concerts, Amir Khan also sang film songs in ragas, in a purely classical style, most notably for the films Baiju Bawra, Shabaab and Jhanak Jhanak Payal Baaje.",0,27,== Singing career ==
http://dbpedia.org/ontology/PublicTransitSystem,http://dbpedia.org/resource/Raga,ragas,2612,123,1.0,1.6141375383802816e-27,"use of ruba'idar tarana (considered similar to chhota khyal)Besides singing in concerts, Amir Khan also sang film songs in ragas, in a purely classical style, most notably for the films Baiju Bawra, Shabaab and Jhanak Jhanak Payal Baaje.",0,27,== Singing career ==
http://dbpedia.org/ontology/MusicGenre,http://dbpedia.org/resource/Raga,ragas,2612,123,1.0,1.6141375383802816e-27,"use of ruba'idar tarana (considered similar to chhota khyal)Besides singing in concerts, Amir Khan also sang film songs in ragas, in a purely classical style, most notably for the films Baiju Bawra, Shabaab and Jhanak Jhanak Payal Baaje.",0,27,== Singing career ==
http://dbpedia.org/class/yago/Writing106359877,http://dbpedia.org/resource/Raga,ragas,2612,123,1.0,1.6141375383802816e-27,"use of ruba'idar tarana (considered similar to chhota khyal)Besides singing in concerts, Amir Khan also sang film songs in ragas, in a purely classical style, most notably for the films Baiju Bawra, Shabaab and Jhanak Jhanak Payal Baaje.",0,27,== Singing career ==
http://dbpedia.org/class/yago/WrittenCommunication106349220,http://dbpedia.org/resource/Raga,ragas,2612,123,1.0,1.6141375383802816e-27,"use of ruba'idar tarana (considered similar to chhota khyal)Besides singing in concerts, Amir Khan also sang film songs in ragas, in a purely classical style, most notably for the films Baiju Bawra, Shabaab and Jhanak Jhanak Payal Baaje.",0,27,== Singing career ==
http://dbpedia.org/class/yago/WikicatModes,http://dbpedia.org/resource/Raga,ragas,2612,123,1.0,1.6141375383802816e-27,"use of ruba'idar tarana (considered similar to chhota khyal)Besides singing in concerts, Amir Khan also sang film songs in ragas, in a purely classical style, most notably for the films Baiju Bawra, Shabaab and Jhanak Jhanak Payal Baaje.",0,27,== Singing career ==
http://dbpedia.org/class/yago/WikicatMusicGenres,http://dbpedia.org/resource/Raga,ragas,2612,123,1.0,1.6141375383802816e-27,"use of ruba'idar tarana (considered similar to chhota khyal)Besides singing in concerts, Amir Khan also sang film songs in ragas, in a purely classical style, most notably for the films Baiju Bawra, Shabaab and Jhanak Jhanak Payal Baaje.",0,27,== Singing career ==
http://dbpedia.org/class/yago/WikicatMusicalScales,http://dbpedia.org/resource/Raga,ragas,2612,123,1.0,1.6141375383802816e-27,"use of ruba'idar tarana (considered similar to chhota khyal)Besides singing in concerts, Amir Khan also sang film songs in ragas, in a purely classical style, most notably for the films Baiju Bawra, Shabaab and Jhanak Jhanak Payal Baaje.",0,27,== Singing career ==
http://dbpedia.org/class/yago/Abstraction100002137,http://dbpedia.org/resource/Raga,ragas,2612,123,1.0,1.6141375383802816e-27,"use of ruba'idar tarana (considered similar to chhota khyal)Besides singing in concerts, Amir Khan also sang film songs in ragas, in a purely classical style, most notably for the films Baiju Bawra, Shabaab and Jhanak Jhanak Payal Baaje.",0,27,== Singing career ==
http://dbpedia.org/class/yago/Attribute100024264,http://dbpedia.org/resource/Raga,ragas,2612,123,1.0,1.6141375383802816e-27,"use of ruba'idar tarana (considered similar to chhota khyal)Besides singing in concerts, Amir Khan also sang film songs in ragas, in a purely classical style, most notably for the films Baiju Bawra, Shabaab and Jhanak Jhanak Payal Baaje.",0,27,== Singing career ==
http://dbpedia.org/class/yago/AuditoryCommunication107109019,http://dbpedia.org/resource/Raga,ragas,2612,123,1.0,1.6141375383802816e-27,"use of ruba'idar tarana (considered similar to chhota khyal)Besides singing in concerts, Amir Khan also sang film songs in ragas, in a purely classical style, most notably for the films Baiju Bawra, Shabaab and Jhanak Jhanak Payal Baaje.",0,27,== Singing career ==
http://dbpedia.org/class/yago/Communication100033020,http://dbpedia.org/resource/Raga,ragas,2612,123,1.0,1.6141375383802816e-27,"use of ruba'idar tarana (considered similar to chhota khyal)Besides singing in concerts, Amir Khan also sang film songs in ragas, in a purely classical style, most notably for the films Baiju Bawra, Shabaab and Jhanak Jhanak Payal Baaje.",0,27,== Singing career ==
http://dbpedia.org/class/yago/ExpressiveStyle107066659,http://dbpedia.org/resource/Raga,ragas,2612,123,1.0,1.6141375383802816e-27,"use of ruba'idar tarana (considered similar to chhota khyal)Besides singing in concerts, Amir Khan also sang film songs in ragas, in a purely classical style, most notably for the films Baiju Bawra, Shabaab and Jhanak Jhanak Payal Baaje.",0,27,== Singing career ==
http://dbpedia.org/class/yago/Manner104928903,http://dbpedia.org/resource/Raga,ragas,2612,123,1.0,1.6141375383802816e-27,"use of ruba'idar tarana (considered similar to chhota khyal)Besides singing in concerts, Amir Khan also sang film songs in ragas, in a purely classical style, most notably for the films Baiju Bawra, Shabaab and Jhanak Jhanak Payal Baaje.",0,27,== Singing career ==
http://dbpedia.org/class/yago/Music107020895,http://dbpedia.org/resource/Raga,ragas,2612,123,1.0,1.6141375383802816e-27,"use of ruba'idar tarana (considered similar to chhota khyal)Besides singing in concerts, Amir Khan also sang film songs in ragas, in a purely classical style, most notably for the films Baiju Bawra, Shabaab and Jhanak Jhanak Payal Baaje.",0,27,== Singing career ==
http://dbpedia.org/class/yago/MusicGenre107071942,http://dbpedia.org/resource/Raga,ragas,2612,123,1.0,1.6141375383802816e-27,"use of ruba'idar tarana (considered similar to chhota khyal)Besides singing in concerts, Amir Khan also sang film songs in ragas, in a purely classical style, most notably for the films Baiju Bawra, Shabaab and Jhanak Jhanak Payal Baaje.",0,27,== Singing career ==
http://dbpedia.org/class/yago/MusicalNotation106814870,http://dbpedia.org/resource/Raga,ragas,2612,123,1.0,1.6141375383802816e-27,"use of ruba'idar tarana (considered similar to chhota khyal)Besides singing in concerts, Amir Khan also sang film songs in ragas, in a purely classical style, most notably for the films Baiju Bawra, Shabaab and Jhanak Jhanak Payal Baaje.",0,27,== Singing career ==
http://dbpedia.org/class/yago/Notation106808493,http://dbpedia.org/resource/Raga,ragas,2612,123,1.0,1.6141375383802816e-27,"use of ruba'idar tarana (considered similar to chhota khyal)Besides singing in concerts, Amir Khan also sang film songs in ragas, in a purely classical style, most notably for the films Baiju Bawra, Shabaab and Jhanak Jhanak Payal Baaje.",0,27,== Singing career ==
http://dbpedia.org/class/yago/Property104916342,http://dbpedia.org/resource/Raga,ragas,2612,123,1.0,1.6141375383802816e-27,"use of ruba'idar tarana (considered similar to chhota khyal)Besides singing in concerts, Amir Khan also sang film songs in ragas, in a purely classical style, most notably for the films Baiju Bawra, Shabaab and Jhanak Jhanak Payal Baaje.",0,27,== Singing career ==
http://dbpedia.org/class/yago/Scale106856568,http://dbpedia.org/resource/Raga,ragas,2612,123,1.0,1.6141375383802816e-27,"use of ruba'idar tarana (considered similar to chhota khyal)Besides singing in concerts, Amir Khan also sang film songs in ragas, in a purely classical style, most notably for the films Baiju Bawra, Shabaab and Jhanak Jhanak Payal Baaje.",0,27,== Singing career ==
http://www.w3.org/2002/07/owl#Thing,http://dbpedia.org/resource/Classical_music,classical,9694,142,0.99999647856976,2.469441012433854e-06,"use of ruba'idar tarana (considered similar to chhota khyal)Besides singing in concerts, Amir Khan also sang film songs in ragas, in a purely classical style, most notably for the films Baiju Bawra, Shabaab and Jhanak Jhanak Payal Baaje.",0,27,== Singing career ==
http://dbpedia.org/ontology/MusicGenre,http://dbpedia.org/resource/Classical_music,classical,9694,142,0.99999647856976,2.469441012433854e-06,"use of ruba'idar tarana (considered similar to chhota khyal)Besides singing in concerts, Amir Khan also sang film songs in ragas, in a purely classical style, most notably for the films Baiju Bawra, Shabaab and Jhanak Jhanak Payal Baaje.",0,27,== Singing career ==
http://dbpedia.org/ontology/Agent,http://dbpedia.org/resource/Classical_music,classical,9694,142,0.99999647856976,2.469441012433854e-06,"use of ruba'idar tarana (considered similar to chhota khyal)Besides singing in concerts, Amir Khan also sang film songs in ragas, in a purely classical style, most notably for the films Baiju Bawra, Shabaab and Jhanak Jhanak Payal Baaje.",0,27,== Singing career ==
http://www.w3.org/2002/07/owl#Thing,http://dbpedia.org/resource/Classical_music,classical,9694,26,0.9898884308175736,0.0024116124378996,This attempt to introduce classical music to the masses through films significantly boosted Khansahib's visibility and popularity.,1,27,== Singing career ==
http://dbpedia.org/ontology/MusicGenre,http://dbpedia.org/resource/Classical_music,classical,9694,26,0.9898884308175736,0.0024116124378996,This attempt to introduce classical music to the masses through films significantly boosted Khansahib's visibility and popularity.,1,27,== Singing career ==
http://dbpedia.org/ontology/Agent,http://dbpedia.org/resource/Classical_music,classical,9694,26,0.9898884308175736,0.0024116124378996,This attempt to introduce classical music to the masses through films significantly boosted Khansahib's visibility and popularity.,1,27,== Singing career ==
http://www.w3.org/2002/07/owl#Thing,http://dbpedia.org/resource/Ghazal,ghazal,1639,15,1.0,0.0,He also sang a ghazal Rahiye Ab Aisi Jagah for a documentary on Ghalib.,2,27,== Singing career ==
http://dbpedia.org/ontology/MusicGenre,http://dbpedia.org/resource/Ghazal,ghazal,1639,15,1.0,0.0,He also sang a ghazal Rahiye Ab Aisi Jagah for a documentary on Ghalib.,2,27,== Singing career ==
http://dbpedia.org/class/yago/WikicatPoems,http://dbpedia.org/resource/Ghazal,ghazal,1639,15,1.0,0.0,He also sang a ghazal Rahiye Ab Aisi Jagah for a documentary on Ghalib.,2,27,== Singing career ==
http://dbpedia.org/class/yago/Writing106362953,http://dbpedia.org/resource/Ghazal,ghazal,1639,15,1.0,0.0,He also sang a ghazal Rahiye Ab Aisi Jagah for a documentary on Ghalib.,2,27,== Singing career ==
http://dbpedia.org/class/yago/WritingStyle107092158,http://dbpedia.org/resource/Ghazal,ghazal,1639,15,1.0,0.0,He also sang a ghazal Rahiye Ab Aisi Jagah for a documentary on Ghalib.,2,27,== Singing career ==
http://dbpedia.org/class/yago/WrittenCommunication106349220,http://dbpedia.org/resource/Ghazal,ghazal,1639,15,1.0,0.0,He also sang a ghazal Rahiye Ab Aisi Jagah for a documentary on Ghalib.,2,27,== Singing career ==
http://dbpedia.org/class/yago/WikicatLiteraryGenres,http://dbpedia.org/resource/Ghazal,ghazal,1639,15,1.0,0.0,He also sang a ghazal Rahiye Ab Aisi Jagah for a documentary on Ghalib.,2,27,== Singing career ==
http://dbpedia.org/class/yago/WikicatLiteraryTechniques,http://dbpedia.org/resource/Ghazal,ghazal,1639,15,1.0,0.0,He also sang a ghazal Rahiye Ab Aisi Jagah for a documentary on Ghalib.,2,27,== Singing career ==
http://dbpedia.org/class/yago/Ability105616246,http://dbpedia.org/resource/Ghazal,ghazal,1639,15,1.0,0.0,He also sang a ghazal Rahiye Ab Aisi Jagah for a documentary on Ghalib.,2,27,== Singing career ==
http://dbpedia.org/class/yago/Abstraction100002137,http://dbpedia.org/resource/Ghazal,ghazal,1639,15,1.0,0.0,He also sang a ghazal Rahiye Ab Aisi Jagah for a documentary on Ghalib.,2,27,== Singing career ==
http://dbpedia.org/class/yago/Cognition100023271,http://dbpedia.org/resource/Ghazal,ghazal,1639,15,1.0,0.0,He also sang a ghazal Rahiye Ab Aisi Jagah for a documentary on Ghalib.,2,27,== Singing career ==
http://dbpedia.org/class/yago/Communication100033020,http://dbpedia.org/resource/Ghazal,ghazal,1639,15,1.0,0.0,He also sang a ghazal Rahiye Ab Aisi Jagah for a documentary on Ghalib.,2,27,== Singing career ==
http://dbpedia.org/class/yago/ExpressiveStyle107066659,http://dbpedia.org/resource/Ghazal,ghazal,1639,15,1.0,0.0,He also sang a ghazal Rahiye Ab Aisi Jagah for a documentary on Ghalib.,2,27,== Singing career ==
http://dbpedia.org/class/yago/Know-how105616786,http://dbpedia.org/resource/Ghazal,ghazal,1639,15,1.0,0.0,He also sang a ghazal Rahiye Ab Aisi Jagah for a documentary on Ghalib.,2,27,== Singing career ==
http://dbpedia.org/class/yago/LiteraryComposition106364329,http://dbpedia.org/resource/Ghazal,ghazal,1639,15,1.0,0.0,He also sang a ghazal Rahiye Ab Aisi Jagah for a documentary on Ghalib.,2,27,== Singing career ==
http://dbpedia.org/class/yago/Method105660268,http://dbpedia.org/resource/Ghazal,ghazal,1639,15,1.0,0.0,He also sang a ghazal Rahiye Ab Aisi Jagah for a documentary on Ghalib.,2,27,== Singing career ==
http://dbpedia.org/class/yago/Poem106377442,http://dbpedia.org/resource/Ghazal,ghazal,1639,15,1.0,0.0,He also sang a ghazal Rahiye Ab Aisi Jagah for a documentary on Ghalib.,2,27,== Singing career ==
http://dbpedia.org/class/yago/PsychologicalFeature100023100,http://dbpedia.org/resource/Ghazal,ghazal,1639,15,1.0,0.0,He also sang a ghazal Rahiye Ab Aisi Jagah for a documentary on Ghalib.,2,27,== Singing career ==
http://dbpedia.org/class/yago/Technique105665146,http://dbpedia.org/resource/Ghazal,ghazal,1639,15,1.0,0.0,He also sang a ghazal Rahiye Ab Aisi Jagah for a documentary on Ghalib.,2,27,== Singing career ==
http://dbpedia.org/class/yago/WikicatIslamicHonorifics,http://dbpedia.org/resource/Murid,disciples,154,12,0.64085659475787,0.3301451944206091,"Khansahib's disciples include Amarnath, A. Kanan, Ajit Singh Paintal, Akhtar Sadmani, Amarjeet Kaur, Bhimsen Sharma, Gajendra Bakshi, Hridaynath Mangeshkar, Kamal Bose, Kankana Banerjee, Mukund Goswami, Munir Khan, Pradyumna Kumud Mukherjee and Poorabi Mukherjee, Shankar Mazumdar, Shankarlal Mishra, Singh Brothers, Srikant Bakre and Thomas Ross.",0,28,== Singing career ==
http://dbpedia.org/class/yago/Abstraction100002137,http://dbpedia.org/resource/Murid,disciples,154,12,0.64085659475787,0.3301451944206091,"Khansahib's disciples include Amarnath, A. Kanan, Ajit Singh Paintal, Akhtar Sadmani, Amarjeet Kaur, Bhimsen Sharma, Gajendra Bakshi, Hridaynath Mangeshkar, Kamal Bose, Kankana Banerjee, Mukund Goswami, Munir Khan, Pradyumna Kumud Mukherjee and Poorabi Mukherjee, Shankar Mazumdar, Shankarlal Mishra, Singh Brothers, Srikant Bakre and Thomas Ross.",0,28,== Singing career ==
http://dbpedia.org/class/yago/Communication100033020,http://dbpedia.org/resource/Murid,disciples,154,12,0.64085659475787,0.3301451944206091,"Khansahib's disciples include Amarnath, A. Kanan, Ajit Singh Paintal, Akhtar Sadmani, Amarjeet Kaur, Bhimsen Sharma, Gajendra Bakshi, Hridaynath Mangeshkar, Kamal Bose, Kankana Banerjee, Mukund Goswami, Munir Khan, Pradyumna Kumud Mukherjee and Poorabi Mukherjee, Shankar Mazumdar, Shankarlal Mishra, Singh Brothers, Srikant Bakre and Thomas Ross.",0,28,== Singing career ==
http://dbpedia.org/class/yago/ExpressiveStyle107066659,http://dbpedia.org/resource/Murid,disciples,154,12,0.64085659475787,0.3301451944206091,"Khansahib's disciples include Amarnath, A. Kanan, Ajit Singh Paintal, Akhtar Sadmani, Amarjeet Kaur, Bhimsen Sharma, Gajendra Bakshi, Hridaynath Mangeshkar, Kamal Bose, Kankana Banerjee, Mukund Goswami, Munir Khan, Pradyumna Kumud Mukherjee and Poorabi Mukherjee, Shankar Mazumdar, Shankarlal Mishra, Singh Brothers, Srikant Bakre and Thomas Ross.",0,28,== Singing career ==
http://dbpedia.org/class/yago/Formulation107069948,http://dbpedia.org/resource/Murid,disciples,154,12,0.64085659475787,0.3301451944206091,"Khansahib's disciples include Amarnath, A. Kanan, Ajit Singh Paintal, Akhtar Sadmani, Amarjeet Kaur, Bhimsen Sharma, Gajendra Bakshi, Hridaynath Mangeshkar, Kamal Bose, Kankana Banerjee, Mukund Goswami, Munir Khan, Pradyumna Kumud Mukherjee and Poorabi Mukherjee, Shankar Mazumdar, Shankarlal Mishra, Singh Brothers, Srikant Bakre and Thomas Ross.",0,28,== Singing career ==
http://dbpedia.org/class/yago/Honorific107070883,http://dbpedia.org/resource/Murid,disciples,154,12,0.64085659475787,0.3301451944206091,"Khansahib's disciples include Amarnath, A. Kanan, Ajit Singh Paintal, Akhtar Sadmani, Amarjeet Kaur, Bhimsen Sharma, Gajendra Bakshi, Hridaynath Mangeshkar, Kamal Bose, Kankana Banerjee, Mukund Goswami, Munir Khan, Pradyumna Kumud Mukherjee and Poorabi Mukherjee, Shankar Mazumdar, Shankarlal Mishra, Singh Brothers, Srikant Bakre and Thomas Ross.",0,28,== Singing career ==
http://dbpedia.org/ontology/Person,http://dbpedia.org/resource/Gajendra_Moksha,Gajendra,48,117,0.8573169700250602,0.1664297278165752,"Khansahib's disciples include Amarnath, A. Kanan, Ajit Singh Paintal, Akhtar Sadmani, Amarjeet Kaur, Bhimsen Sharma, Gajendra Bakshi, Hridaynath Mangeshkar, Kamal Bose, Kankana Banerjee, Mukund Goswami, Munir Khan, Pradyumna Kumud Mukherjee and Poorabi Mukherjee, Shankar Mazumdar, Shankarlal Mishra, Singh Brothers, Srikant Bakre and Thomas Ross.",0,28,== Singing career ==
http://www.w3.org/2002/07/owl#Thing,http://dbpedia.org/resource/Pradyumna,Pradyumna,164,215,1.0,0.0,"Khansahib's disciples include Amarnath, A. Kanan, Ajit Singh Paintal, Akhtar Sadmani, Amarjeet Kaur, Bhimsen Sharma, Gajendra Bakshi, Hridaynath Mangeshkar, Kamal Bose, Kankana Banerjee, Mukund Goswami, Munir Khan, Pradyumna Kumud Mukherjee and Poorabi Mukherjee, Shankar Mazumdar, Shankarlal Mishra, Singh Brothers, Srikant Bakre and Thomas Ross.",0,28,== Singing career ==
http://dbpedia.org/ontology/Deity,http://dbpedia.org/resource/Pradyumna,Pradyumna,164,215,1.0,0.0,"Khansahib's disciples include Amarnath, A. Kanan, Ajit Singh Paintal, Akhtar Sadmani, Amarjeet Kaur, Bhimsen Sharma, Gajendra Bakshi, Hridaynath Mangeshkar, Kamal Bose, Kankana Banerjee, Mukund Goswami, Munir Khan, Pradyumna Kumud Mukherjee and Poorabi Mukherjee, Shankar Mazumdar, Shankarlal Mishra, Singh Brothers, Srikant Bakre and Thomas Ross.",0,28,== Singing career ==
http://www.wikidata.org/entity/Q178885,http://dbpedia.org/resource/Pradyumna,Pradyumna,164,215,1.0,0.0,"Khansahib's disciples include Amarnath, A. Kanan, Ajit Singh Paintal, Akhtar Sadmani, Amarjeet Kaur, Bhimsen Sharma, Gajendra Bakshi, Hridaynath Mangeshkar, Kamal Bose, Kankana Banerjee, Mukund Goswami, Munir Khan, Pradyumna Kumud Mukherjee and Poorabi Mukherjee, Shankar Mazumdar, Shankarlal Mishra, Singh Brothers, Srikant Bakre and Thomas Ross.",0,28,== Singing career ==
http://dbpedia.org/ontology/FictionalCharacter,http://dbpedia.org/resource/Pradyumna,Pradyumna,164,215,1.0,0.0,"Khansahib's disciples include Amarnath, A. Kanan, Ajit Singh Paintal, Akhtar Sadmani, Amarjeet Kaur, Bhimsen Sharma, Gajendra Bakshi, Hridaynath Mangeshkar, Kamal Bose, Kankana Banerjee, Mukund Goswami, Munir Khan, Pradyumna Kumud Mukherjee and Poorabi Mukherjee, Shankar Mazumdar, Shankarlal Mishra, Singh Brothers, Srikant Bakre and Thomas Ross.",0,28,== Singing career ==
http://www.ontologydesignpatterns.org/ont/dul/DUL.owl#Agent,http://dbpedia.org/resource/Pradyumna,Pradyumna,164,215,1.0,0.0,"Khansahib's disciples include Amarnath, A. Kanan, Ajit Singh Paintal, Akhtar Sadmani, Amarjeet Kaur, Bhimsen Sharma, Gajendra Bakshi, Hridaynath Mangeshkar, Kamal Bose, Kankana Banerjee, Mukund Goswami, Munir Khan, Pradyumna Kumud Mukherjee and Poorabi Mukherjee, Shankar Mazumdar, Shankarlal Mishra, Singh Brothers, Srikant Bakre and Thomas Ross.",0,28,== Singing career ==
http://dbpedia.org/ontology/Agent,http://dbpedia.org/resource/Pradyumna,Pradyumna,164,215,1.0,0.0,"Khansahib's disciples include Amarnath, A. Kanan, Ajit Singh Paintal, Akhtar Sadmani, Amarjeet Kaur, Bhimsen Sharma, Gajendra Bakshi, Hridaynath Mangeshkar, Kamal Bose, Kankana Banerjee, Mukund Goswami, Munir Khan, Pradyumna Kumud Mukherjee and Poorabi Mukherjee, Shankar Mazumdar, Shankarlal Mishra, Singh Brothers, Srikant Bakre and Thomas Ross.",0,28,== Singing career ==
http://www.wikidata.org/entity/Q24229398,http://dbpedia.org/resource/Pradyumna,Pradyumna,164,215,1.0,0.0,"Khansahib's disciples include Amarnath, A. Kanan, Ajit Singh Paintal, Akhtar Sadmani, Amarjeet Kaur, Bhimsen Sharma, Gajendra Bakshi, Hridaynath Mangeshkar, Kamal Bose, Kankana Banerjee, Mukund Goswami, Munir Khan, Pradyumna Kumud Mukherjee and Poorabi Mukherjee, Shankar Mazumdar, Shankarlal Mishra, Singh Brothers, Srikant Bakre and Thomas Ross.",0,28,== Singing career ==
http://dbpedia.org/class/yago/WikicatPeopleRelatedToKrishna,http://dbpedia.org/resource/Pradyumna,Pradyumna,164,215,1.0,0.0,"Khansahib's disciples include Amarnath, A. Kanan, Ajit Singh Paintal, Akhtar Sadmani, Amarjeet Kaur, Bhimsen Sharma, Gajendra Bakshi, Hridaynath Mangeshkar, Kamal Bose, Kankana Banerjee, Mukund Goswami, Munir Khan, Pradyumna Kumud Mukherjee and Poorabi Mukherjee, Shankar Mazumdar, Shankarlal Mishra, Singh Brothers, Srikant Bakre and Thomas Ross.",0,28,== Singing career ==
http://dbpedia.org/class/yago/YagoLegalActor,http://dbpedia.org/resource/Pradyumna,Pradyumna,164,215,1.0,0.0,"Khansahib's disciples include Amarnath, A. Kanan, Ajit Singh Paintal, Akhtar Sadmani, Amarjeet Kaur, Bhimsen Sharma, Gajendra Bakshi, Hridaynath Mangeshkar, Kamal Bose, Kankana Banerjee, Mukund Goswami, Munir Khan, Pradyumna Kumud Mukherjee and Poorabi Mukherjee, Shankar Mazumdar, Shankarlal Mishra, Singh Brothers, Srikant Bakre and Thomas Ross.",0,28,== Singing career ==
http://dbpedia.org/class/yago/YagoLegalActorGeo,http://dbpedia.org/resource/Pradyumna,Pradyumna,164,215,1.0,0.0,"Khansahib's disciples include Amarnath, A. Kanan, Ajit Singh Paintal, Akhtar Sadmani, Amarjeet Kaur, Bhimsen Sharma, Gajendra Bakshi, Hridaynath Mangeshkar, Kamal Bose, Kankana Banerjee, Mukund Goswami, Munir Khan, Pradyumna Kumud Mukherjee and Poorabi Mukherjee, Shankar Mazumdar, Shankarlal Mishra, Singh Brothers, Srikant Bakre and Thomas Ross.",0,28,== Singing career ==
http://dbpedia.org/class/yago/CausalAgent100007347,http://dbpedia.org/resource/Pradyumna,Pradyumna,164,215,1.0,0.0,"Khansahib's disciples include Amarnath, A. Kanan, Ajit Singh Paintal, Akhtar Sadmani, Amarjeet Kaur, Bhimsen Sharma, Gajendra Bakshi, Hridaynath Mangeshkar, Kamal Bose, Kankana Banerjee, Mukund Goswami, Munir Khan, Pradyumna Kumud Mukherjee and Poorabi Mukherjee, Shankar Mazumdar, Shankarlal Mishra, Singh Brothers, Srikant Bakre and Thomas Ross.",0,28,== Singing career ==
http://dbpedia.org/class/yago/Communicator109610660,http://dbpedia.org/resource/Pradyumna,Pradyumna,164,215,1.0,0.0,"Khansahib's disciples include Amarnath, A. Kanan, Ajit Singh Paintal, Akhtar Sadmani, Amarjeet Kaur, Bhimsen Sharma, Gajendra Bakshi, Hridaynath Mangeshkar, Kamal Bose, Kankana Banerjee, Mukund Goswami, Munir Khan, Pradyumna Kumud Mukherjee and Poorabi Mukherjee, Shankar Mazumdar, Shankarlal Mishra, Singh Brothers, Srikant Bakre and Thomas Ross.",0,28,== Singing career ==
http://dbpedia.org/class/yago/HeadOfState110164747,http://dbpedia.org/resource/Pradyumna,Pradyumna,164,215,1.0,0.0,"Khansahib's disciples include Amarnath, A. Kanan, Ajit Singh Paintal, Akhtar Sadmani, Amarjeet Kaur, Bhimsen Sharma, Gajendra Bakshi, Hridaynath Mangeshkar, Kamal Bose, Kankana Banerjee, Mukund Goswami, Munir Khan, Pradyumna Kumud Mukherjee and Poorabi Mukherjee, Shankar Mazumdar, Shankarlal Mishra, Singh Brothers, Srikant Bakre and Thomas Ross.",0,28,== Singing career ==
http://dbpedia.org/class/yago/LivingThing100004258,http://dbpedia.org/resource/Pradyumna,Pradyumna,164,215,1.0,0.0,"Khansahib's disciples include Amarnath, A. Kanan, Ajit Singh Paintal, Akhtar Sadmani, Amarjeet Kaur, Bhimsen Sharma, Gajendra Bakshi, Hridaynath Mangeshkar, Kamal Bose, Kankana Banerjee, Mukund Goswami, Munir Khan, Pradyumna Kumud Mukherjee and Poorabi Mukherjee, Shankar Mazumdar, Shankarlal Mishra, Singh Brothers, Srikant Bakre and Thomas Ross.",0,28,== Singing career ==
http://dbpedia.org/class/yago/Negotiator110351874,http://dbpedia.org/resource/Pradyumna,Pradyumna,164,215,1.0,0.0,"Khansahib's disciples include Amarnath, A. Kanan, Ajit Singh Paintal, Akhtar Sadmani, Amarjeet Kaur, Bhimsen Sharma, Gajendra Bakshi, Hridaynath Mangeshkar, Kamal Bose, Kankana Banerjee, Mukund Goswami, Munir Khan, Pradyumna Kumud Mukherjee and Poorabi Mukherjee, Shankar Mazumdar, Shankarlal Mishra, Singh Brothers, Srikant Bakre and Thomas Ross.",0,28,== Singing career ==
http://dbpedia.org/class/yago/Object100002684,http://dbpedia.org/resource/Pradyumna,Pradyumna,164,215,1.0,0.0,"Khansahib's disciples include Amarnath, A. Kanan, Ajit Singh Paintal, Akhtar Sadmani, Amarjeet Kaur, Bhimsen Sharma, Gajendra Bakshi, Hridaynath Mangeshkar, Kamal Bose, Kankana Banerjee, Mukund Goswami, Munir Khan, Pradyumna Kumud Mukherjee and Poorabi Mukherjee, Shankar Mazumdar, Shankarlal Mishra, Singh Brothers, Srikant Bakre and Thomas Ross.",0,28,== Singing career ==
http://dbpedia.org/class/yago/Organism100004475,http://dbpedia.org/resource/Pradyumna,Pradyumna,164,215,1.0,0.0,"Khansahib's disciples include Amarnath, A. Kanan, Ajit Singh Paintal, Akhtar Sadmani, Amarjeet Kaur, Bhimsen Sharma, Gajendra Bakshi, Hridaynath Mangeshkar, Kamal Bose, Kankana Banerjee, Mukund Goswami, Munir Khan, Pradyumna Kumud Mukherjee and Poorabi Mukherjee, Shankar Mazumdar, Shankarlal Mishra, Singh Brothers, Srikant Bakre and Thomas Ross.",0,28,== Singing career ==
http://dbpedia.org/class/yago/Person100007846,http://dbpedia.org/resource/Pradyumna,Pradyumna,164,215,1.0,0.0,"Khansahib's disciples include Amarnath, A. Kanan, Ajit Singh Paintal, Akhtar Sadmani, Amarjeet Kaur, Bhimsen Sharma, Gajendra Bakshi, Hridaynath Mangeshkar, Kamal Bose, Kankana Banerjee, Mukund Goswami, Munir Khan, Pradyumna Kumud Mukherjee and Poorabi Mukherjee, Shankar Mazumdar, Shankarlal Mishra, Singh Brothers, Srikant Bakre and Thomas Ross.",0,28,== Singing career ==
http://dbpedia.org/class/yago/PhysicalEntity100001930,http://dbpedia.org/resource/Pradyumna,Pradyumna,164,215,1.0,0.0,"Khansahib's disciples include Amarnath, A. Kanan, Ajit Singh Paintal, Akhtar Sadmani, Amarjeet Kaur, Bhimsen Sharma, Gajendra Bakshi, Hridaynath Mangeshkar, Kamal Bose, Kankana Banerjee, Mukund Goswami, Munir Khan, Pradyumna Kumud Mukherjee and Poorabi Mukherjee, Shankar Mazumdar, Shankarlal Mishra, Singh Brothers, Srikant Bakre and Thomas Ross.",0,28,== Singing career ==
http://dbpedia.org/class/yago/Representative110522035,http://dbpedia.org/resource/Pradyumna,Pradyumna,164,215,1.0,0.0,"Khansahib's disciples include Amarnath, A. Kanan, Ajit Singh Paintal, Akhtar Sadmani, Amarjeet Kaur, Bhimsen Sharma, Gajendra Bakshi, Hridaynath Mangeshkar, Kamal Bose, Kankana Banerjee, Mukund Goswami, Munir Khan, Pradyumna Kumud Mukherjee and Poorabi Mukherjee, Shankar Mazumdar, Shankarlal Mishra, Singh Brothers, Srikant Bakre and Thomas Ross.",0,28,== Singing career ==
http://dbpedia.org/class/yago/Ruler110541229,http://dbpedia.org/resource/Pradyumna,Pradyumna,164,215,1.0,0.0,"Khansahib's disciples include Amarnath, A. Kanan, Ajit Singh Paintal, Akhtar Sadmani, Amarjeet Kaur, Bhimsen Sharma, Gajendra Bakshi, Hridaynath Mangeshkar, Kamal Bose, Kankana Banerjee, Mukund Goswami, Munir Khan, Pradyumna Kumud Mukherjee and Poorabi Mukherjee, Shankar Mazumdar, Shankarlal Mishra, Singh Brothers, Srikant Bakre and Thomas Ross.",0,28,== Singing career ==
http://dbpedia.org/class/yago/Sovereign110628644,http://dbpedia.org/resource/Pradyumna,Pradyumna,164,215,1.0,0.0,"Khansahib's disciples include Amarnath, A. Kanan, Ajit Singh Paintal, Akhtar Sadmani, Amarjeet Kaur, Bhimsen Sharma, Gajendra Bakshi, Hridaynath Mangeshkar, Kamal Bose, Kankana Banerjee, Mukund Goswami, Munir Khan, Pradyumna Kumud Mukherjee and Poorabi Mukherjee, Shankar Mazumdar, Shankarlal Mishra, Singh Brothers, Srikant Bakre and Thomas Ross.",0,28,== Singing career ==
http://dbpedia.org/class/yago/Whole100003553,http://dbpedia.org/resource/Pradyumna,Pradyumna,164,215,1.0,0.0,"Khansahib's disciples include Amarnath, A. Kanan, Ajit Singh Paintal, Akhtar Sadmani, Amarjeet Kaur, Bhimsen Sharma, Gajendra Bakshi, Hridaynath Mangeshkar, Kamal Bose, Kankana Banerjee, Mukund Goswami, Munir Khan, Pradyumna Kumud Mukherjee and Poorabi Mukherjee, Shankar Mazumdar, Shankarlal Mishra, Singh Brothers, Srikant Bakre and Thomas Ross.",0,28,== Singing career ==
http://www.w3.org/2002/07/owl#Thing,http://dbpedia.org/resource/Inner_peace,Shanti,68,212,0.9219343189764826,0.0846309381262567,"His style has also influenced many other singers and instrumentalists, including  Bhimsen Joshi, Gokulotsavji Maharaj, Mahendra Toke, Prabha Atre, Rashid Khan, Ajoy Chakrabarty, Rasiklal Andharia, Sanhita Nandi, Shanti Sharma, Nikhil Banerjee, Pannalal Ghosh, the Imdadkhani gharana, and Sultan Khan.",1,28,== Singing career ==
http://www.w3.org/2002/07/owl#Thing,http://dbpedia.org/resource/Gharana,Gharana,398,48,0.999999999177902,6.21994443408563e-10,"Although he referred to his style as the Indore Gharana, he was a firm believer of absorbing elements from various gharanas.",2,28,== Singing career ==
http://dbpedia.org/class/yago/Abstraction100002137,http://dbpedia.org/resource/Gharana,Gharana,398,48,0.999999999177902,6.21994443408563e-10,"Although he referred to his style as the Indore Gharana, he was a firm believer of absorbing elements from various gharanas.",2,28,== Singing career ==
http://dbpedia.org/class/yago/AuditoryCommunication107109019,http://dbpedia.org/resource/Gharana,Gharana,398,48,0.999999999177902,6.21994443408563e-10,"Although he referred to his style as the Indore Gharana, he was a firm believer of absorbing elements from various gharanas.",2,28,== Singing career ==
http://dbpedia.org/class/yago/ClassicalMusic107025900,http://dbpedia.org/resource/Gharana,Gharana,398,48,0.999999999177902,6.21994443408563e-10,"Although he referred to his style as the Indore Gharana, he was a firm believer of absorbing elements from various gharanas.",2,28,== Singing career ==
http://dbpedia.org/class/yago/Communication100033020,http://dbpedia.org/resource/Gharana,Gharana,398,48,0.999999999177902,6.21994443408563e-10,"Although he referred to his style as the Indore Gharana, he was a firm believer of absorbing elements from various gharanas.",2,28,== Singing career ==
http://dbpedia.org/class/yago/ExpressiveStyle107066659,http://dbpedia.org/resource/Gharana,Gharana,398,48,0.999999999177902,6.21994443408563e-10,"Although he referred to his style as the Indore Gharana, he was a firm believer of absorbing elements from various gharanas.",2,28,== Singing career ==
http://dbpedia.org/class/yago/Music107020895,http://dbpedia.org/resource/Gharana,Gharana,398,48,0.999999999177902,6.21994443408563e-10,"Although he referred to his style as the Indore Gharana, he was a firm believer of absorbing elements from various gharanas.",2,28,== Singing career ==
http://dbpedia.org/class/yago/MusicGenre107071942,http://dbpedia.org/resource/Gharana,Gharana,398,48,0.999999999177902,6.21994443408563e-10,"Although he referred to his style as the Indore Gharana, he was a firm believer of absorbing elements from various gharanas.",2,28,== Singing career ==
http://www.w3.org/2002/07/owl#Thing,http://dbpedia.org/resource/Gharana,gharanas,398,115,0.999999999836831,0.0,"Although he referred to his style as the Indore Gharana, he was a firm believer of absorbing elements from various gharanas.",2,28,== Singing career ==
http://dbpedia.org/class/yago/Abstraction100002137,http://dbpedia.org/resource/Gharana,gharanas,398,115,0.999999999836831,0.0,"Although he referred to his style as the Indore Gharana, he was a firm believer of absorbing elements from various gharanas.",2,28,== Singing career ==
http://dbpedia.org/class/yago/AuditoryCommunication107109019,http://dbpedia.org/resource/Gharana,gharanas,398,115,0.999999999836831,0.0,"Although he referred to his style as the Indore Gharana, he was a firm believer of absorbing elements from various gharanas.",2,28,== Singing career ==
http://dbpedia.org/class/yago/ClassicalMusic107025900,http://dbpedia.org/resource/Gharana,gharanas,398,115,0.999999999836831,0.0,"Although he referred to his style as the Indore Gharana, he was a firm believer of absorbing elements from various gharanas.",2,28,== Singing career ==
http://dbpedia.org/class/yago/Communication100033020,http://dbpedia.org/resource/Gharana,gharanas,398,115,0.999999999836831,0.0,"Although he referred to his style as the Indore Gharana, he was a firm believer of absorbing elements from various gharanas.",2,28,== Singing career ==
http://dbpedia.org/class/yago/ExpressiveStyle107066659,http://dbpedia.org/resource/Gharana,gharanas,398,115,0.999999999836831,0.0,"Although he referred to his style as the Indore Gharana, he was a firm believer of absorbing elements from various gharanas.",2,28,== Singing career ==
http://dbpedia.org/class/yago/Music107020895,http://dbpedia.org/resource/Gharana,gharanas,398,115,0.999999999836831,0.0,"Although he referred to his style as the Indore Gharana, he was a firm believer of absorbing elements from various gharanas.",2,28,== Singing career ==
http://dbpedia.org/class/yago/MusicGenre107071942,http://dbpedia.org/resource/Gharana,gharanas,398,115,0.999999999836831,0.0,"Although he referred to his style as the Indore Gharana, he was a firm believer of absorbing elements from various gharanas.",2,28,== Singing career ==
http://www.w3.org/2002/07/owl#Thing,http://dbpedia.org/resource/Padma_Bhushan,Padma Bhushan,2215,70,1.0,0.0,Amir Khan was awarded the Sangeet Natak Akademi Award in 1967 and the Padma Bhushan in 1971.,3,28,== Singing career ==
http://dbpedia.org/class/yago/WikicatAwardsEstablishedIn1954,http://dbpedia.org/resource/Padma_Bhushan,Padma Bhushan,2215,70,1.0,0.0,Amir Khan was awarded the Sangeet Natak Akademi Award in 1967 and the Padma Bhushan in 1971.,3,28,== Singing career ==
http://www.wikidata.org/entity/Q618779,http://dbpedia.org/resource/Padma_Bhushan,Padma Bhushan,2215,70,1.0,0.0,Amir Khan was awarded the Sangeet Natak Akademi Award in 1967 and the Padma Bhushan in 1971.,3,28,== Singing career ==
http://dbpedia.org/ontology/Award,http://dbpedia.org/resource/Padma_Bhushan,Padma Bhushan,2215,70,1.0,0.0,Amir Khan was awarded the Sangeet Natak Akademi Award in 1967 and the Padma Bhushan in 1971.,3,28,== Singing career ==
http://dbpedia.org/class/yago/WikicatCivilAwardsAndDecorationsOfIndia,http://dbpedia.org/resource/Padma_Bhushan,Padma Bhushan,2215,70,1.0,0.0,Amir Khan was awarded the Sangeet Natak Akademi Award in 1967 and the Padma Bhushan in 1971.,3,28,== Singing career ==
http://dbpedia.org/class/yago/Abstraction100002137,http://dbpedia.org/resource/Padma_Bhushan,Padma Bhushan,2215,70,1.0,0.0,Amir Khan was awarded the Sangeet Natak Akademi Award in 1967 and the Padma Bhushan in 1971.,3,28,== Singing career ==
http://dbpedia.org/class/yago/Award106696483,http://dbpedia.org/resource/Padma_Bhushan,Padma Bhushan,2215,70,1.0,0.0,Amir Khan was awarded the Sangeet Natak Akademi Award in 1967 and the Padma Bhushan in 1971.,3,28,== Singing career ==
http://dbpedia.org/class/yago/Communication100033020,http://dbpedia.org/resource/Padma_Bhushan,Padma Bhushan,2215,70,1.0,0.0,Amir Khan was awarded the Sangeet Natak Akademi Award in 1967 and the Padma Bhushan in 1971.,3,28,== Singing career ==
http://dbpedia.org/class/yago/Signal106791372,http://dbpedia.org/resource/Padma_Bhushan,Padma Bhushan,2215,70,1.0,0.0,Amir Khan was awarded the Sangeet Natak Akademi Award in 1967 and the Padma Bhushan in 1971.,3,28,== Singing career ==
http://dbpedia.org/class/yago/Symbol106806469,http://dbpedia.org/resource/Padma_Bhushan,Padma Bhushan,2215,70,1.0,0.0,Amir Khan was awarded the Sangeet Natak Akademi Award in 1967 and the Padma Bhushan in 1971.,3,28,== Singing career ==
http://www.w3.org/2002/07/owl#Thing,http://dbpedia.org/resource/Lava,Aa,7201,10,0.8742888213662946,0.0777288174092142,Tanan Dar Aa - Enter my body.,0,31,== Research in the field of Tarana ==
http://dbpedia.org/ontology/Band,http://dbpedia.org/resource/Lava,Aa,7201,10,0.8742888213662946,0.0777288174092142,Tanan Dar Aa - Enter my body.,0,31,== Research in the field of Tarana ==
http://dbpedia.org/class/yago/YagoGeoEntity,http://dbpedia.org/resource/Lava,Aa,7201,10,0.8742888213662946,0.0777288174092142,Tanan Dar Aa - Enter my body.,0,31,== Research in the field of Tarana ==
http://dbpedia.org/class/yago/YagoPermanentlyLocatedEntity,http://dbpedia.org/resource/Lava,Aa,7201,10,0.8742888213662946,0.0777288174092142,Tanan Dar Aa - Enter my body.,0,31,== Research in the field of Tarana ==
http://dbpedia.org/class/yago/Artifact100021939,http://dbpedia.org/resource/Lava,Aa,7201,10,0.8742888213662946,0.0777288174092142,Tanan Dar Aa - Enter my body.,0,31,== Research in the field of Tarana ==
http://dbpedia.org/class/yago/Fountain103388043,http://dbpedia.org/resource/Lava,Aa,7201,10,0.8742888213662946,0.0777288174092142,Tanan Dar Aa - Enter my body.,0,31,== Research in the field of Tarana ==
http://dbpedia.org/class/yago/Object100002684,http://dbpedia.org/resource/Lava,Aa,7201,10,0.8742888213662946,0.0777288174092142,Tanan Dar Aa - Enter my body.,0,31,== Research in the field of Tarana ==
http://dbpedia.org/class/yago/PhysicalEntity100001930,http://dbpedia.org/resource/Lava,Aa,7201,10,0.8742888213662946,0.0777288174092142,Tanan Dar Aa - Enter my body.,0,31,== Research in the field of Tarana ==
http://dbpedia.org/class/yago/Structure104341686,http://dbpedia.org/resource/Lava,Aa,7201,10,0.8742888213662946,0.0777288174092142,Tanan Dar Aa - Enter my body.,0,31,== Research in the field of Tarana ==
http://dbpedia.org/class/yago/Whole100003553,http://dbpedia.org/resource/Lava,Aa,7201,10,0.8742888213662946,0.0777288174092142,Tanan Dar Aa - Enter my body.,0,31,== Research in the field of Tarana ==
http://dbpedia.org/class/yago/WikicatFountains,http://dbpedia.org/resource/Lava,Aa,7201,10,0.8742888213662946,0.0777288174092142,Tanan Dar Aa - Enter my body.,0,31,== Research in the field of Tarana ==
http://www.w3.org/2002/07/owl#Thing,http://dbpedia.org/resource/Wisdom,Wisdom,1385,35,0.9345642770629108,0.0495915808762752,Na Dir Dani - You are the Complete Wisdom.,0,34,== Research in the field of Tarana ==
http://dbpedia.org/ontology/Disease,http://dbpedia.org/resource/Wisdom,Wisdom,1385,35,0.9345642770629108,0.0495915808762752,Na Dir Dani - You are the Complete Wisdom.,0,34,== Research in the field of Tarana ==
http://dbpedia.org/class/yago/Wordbook106418693,http://dbpedia.org/resource/Glossary_of_Islam,Ya Allah,153,7,0.9999999999928731,0.0,Yala - Ya Allah,0,36,== Research in the field of Tarana ==
http://dbpedia.org/class/yago/Work104599396,http://dbpedia.org/resource/Glossary_of_Islam,Ya Allah,153,7,0.9999999999928731,0.0,Yala - Ya Allah,0,36,== Research in the field of Tarana ==
http://dbpedia.org/class/yago/Artifact100021939,http://dbpedia.org/resource/Glossary_of_Islam,Ya Allah,153,7,0.9999999999928731,0.0,Yala - Ya Allah,0,36,== Research in the field of Tarana ==
http://dbpedia.org/class/yago/Book106410904,http://dbpedia.org/resource/Glossary_of_Islam,Ya Allah,153,7,0.9999999999928731,0.0,Yala - Ya Allah,0,36,== Research in the field of Tarana ==
http://dbpedia.org/class/yago/Creation103129123,http://dbpedia.org/resource/Glossary_of_Islam,Ya Allah,153,7,0.9999999999928731,0.0,Yala - Ya Allah,0,36,== Research in the field of Tarana ==
http://dbpedia.org/class/yago/Glossary106420781,http://dbpedia.org/resource/Glossary_of_Islam,Ya Allah,153,7,0.9999999999928731,0.0,Yala - Ya Allah,0,36,== Research in the field of Tarana ==
http://dbpedia.org/class/yago/Object100002684,http://dbpedia.org/resource/Glossary_of_Islam,Ya Allah,153,7,0.9999999999928731,0.0,Yala - Ya Allah,0,36,== Research in the field of Tarana ==
http://dbpedia.org/class/yago/PhysicalEntity100001930,http://dbpedia.org/resource/Glossary_of_Islam,Ya Allah,153,7,0.9999999999928731,0.0,Yala - Ya Allah,0,36,== Research in the field of Tarana ==
http://dbpedia.org/class/yago/Product104007894,http://dbpedia.org/resource/Glossary_of_Islam,Ya Allah,153,7,0.9999999999928731,0.0,Yala - Ya Allah,0,36,== Research in the field of Tarana ==
http://dbpedia.org/class/yago/Publication106589574,http://dbpedia.org/resource/Glossary_of_Islam,Ya Allah,153,7,0.9999999999928731,0.0,Yala - Ya Allah,0,36,== Research in the field of Tarana ==
http://dbpedia.org/class/yago/ReferenceBook106417598,http://dbpedia.org/resource/Glossary_of_Islam,Ya Allah,153,7,0.9999999999928731,0.0,Yala - Ya Allah,0,36,== Research in the field of Tarana ==
http://dbpedia.org/class/yago/Whole100003553,http://dbpedia.org/resource/Glossary_of_Islam,Ya Allah,153,7,0.9999999999928731,0.0,Yala - Ya Allah,0,36,== Research in the field of Tarana ==
http://dbpedia.org/class/yago/WikicatGlossariesOfReligion,http://dbpedia.org/resource/Glossary_of_Islam,Ya Allah,153,7,0.9999999999928731,0.0,Yala - Ya Allah,0,36,== Research in the field of Tarana ==
http://www.w3.org/2002/07/owl#Thing,http://dbpedia.org/resource/Dara,Dara,50,0,0.9945394240606384,0.0054905484432237,Dara – Andar Aa (get in or come inside),0,40,== Research in the field of Tarana ==
http://dbpedia.org/ontology/Name,http://dbpedia.org/resource/Dara,Dara,50,0,0.9945394240606384,0.0054905484432237,Dara – Andar Aa (get in or come inside),0,40,== Research in the field of Tarana ==
http://www.wikidata.org/entity/Q202444,http://dbpedia.org/resource/Dara,Dara,50,0,0.9945394240606384,0.0054905484432237,Dara – Andar Aa (get in or come inside),0,40,== Research in the field of Tarana ==
http://www.wikidata.org/entity/Q82799,http://dbpedia.org/resource/Dara,Dara,50,0,0.9945394240606384,0.0054905484432237,Dara – Andar Aa (get in or come inside),0,40,== Research in the field of Tarana ==
http://dbpedia.org/ontology/GivenName,http://dbpedia.org/resource/Dara,Dara,50,0,0.9945394240606384,0.0054905484432237,Dara – Andar Aa (get in or come inside),0,40,== Research in the field of Tarana ==
http://dbpedia.org/class/yago/Abstraction100002137,http://dbpedia.org/resource/Dara,Dara,50,0,0.9945394240606384,0.0054905484432237,Dara – Andar Aa (get in or come inside),0,40,== Research in the field of Tarana ==
http://dbpedia.org/class/yago/FirstName106337307,http://dbpedia.org/resource/Dara,Dara,50,0,0.9945394240606384,0.0054905484432237,Dara – Andar Aa (get in or come inside),0,40,== Research in the field of Tarana ==
http://dbpedia.org/class/yago/LanguageUnit106284225,http://dbpedia.org/resource/Dara,Dara,50,0,0.9945394240606384,0.0054905484432237,Dara – Andar Aa (get in or come inside),0,40,== Research in the field of Tarana ==
http://dbpedia.org/class/yago/Name106333653,http://dbpedia.org/resource/Dara,Dara,50,0,0.9945394240606384,0.0054905484432237,Dara – Andar Aa (get in or come inside),0,40,== Research in the field of Tarana ==
http://dbpedia.org/class/yago/Part113809207,http://dbpedia.org/resource/Dara,Dara,50,0,0.9945394240606384,0.0054905484432237,Dara – Andar Aa (get in or come inside),0,40,== Research in the field of Tarana ==
http://dbpedia.org/class/yago/Relation100031921,http://dbpedia.org/resource/Dara,Dara,50,0,0.9945394240606384,0.0054905484432237,Dara – Andar Aa (get in or come inside),0,40,== Research in the field of Tarana ==
http://www.w3.org/2002/07/owl#Thing,http://dbpedia.org/resource/Lava,Aa,7201,15,0.99993360625672,3.5893770182301795e-05,Dara – Andar Aa (get in or come inside),0,40,== Research in the field of Tarana ==
http://dbpedia.org/ontology/Band,http://dbpedia.org/resource/Lava,Aa,7201,15,0.99993360625672,3.5893770182301795e-05,Dara – Andar Aa (get in or come inside),0,40,== Research in the field of Tarana ==
http://dbpedia.org/class/yago/YagoGeoEntity,http://dbpedia.org/resource/Lava,Aa,7201,15,0.99993360625672,3.5893770182301795e-05,Dara – Andar Aa (get in or come inside),0,40,== Research in the field of Tarana ==
http://dbpedia.org/class/yago/YagoPermanentlyLocatedEntity,http://dbpedia.org/resource/Lava,Aa,7201,15,0.99993360625672,3.5893770182301795e-05,Dara – Andar Aa (get in or come inside),0,40,== Research in the field of Tarana ==
http://dbpedia.org/class/yago/Artifact100021939,http://dbpedia.org/resource/Lava,Aa,7201,15,0.99993360625672,3.5893770182301795e-05,Dara – Andar Aa (get in or come inside),0,40,== Research in the field of Tarana ==
http://dbpedia.org/class/yago/Fountain103388043,http://dbpedia.org/resource/Lava,Aa,7201,15,0.99993360625672,3.5893770182301795e-05,Dara – Andar Aa (get in or come inside),0,40,== Research in the field of Tarana ==
http://dbpedia.org/class/yago/Object100002684,http://dbpedia.org/resource/Lava,Aa,7201,15,0.99993360625672,3.5893770182301795e-05,Dara – Andar Aa (get in or come inside),0,40,== Research in the field of Tarana ==
http://dbpedia.org/class/yago/PhysicalEntity100001930,http://dbpedia.org/resource/Lava,Aa,7201,15,0.99993360625672,3.5893770182301795e-05,Dara – Andar Aa (get in or come inside),0,40,== Research in the field of Tarana ==
http://dbpedia.org/class/yago/Structure104341686,http://dbpedia.org/resource/Lava,Aa,7201,15,0.99993360625672,3.5893770182301795e-05,Dara – Andar Aa (get in or come inside),0,40,== Research in the field of Tarana ==
http://dbpedia.org/class/yago/Whole100003553,http://dbpedia.org/resource/Lava,Aa,7201,15,0.99993360625672,3.5893770182301795e-05,Dara – Andar Aa (get in or come inside),0,40,== Research in the field of Tarana ==
http://dbpedia.org/class/yago/WikicatFountains,http://dbpedia.org/resource/Lava,Aa,7201,15,0.99993360625672,3.5893770182301795e-05,Dara – Andar Aa (get in or come inside),0,40,== Research in the field of Tarana ==
http://www.w3.org/2002/07/owl#Thing,http://dbpedia.org/resource/Lava,Aa,7201,27,0.999957529479892,2.2959853477263525e-05,Tanandara – Tanke Aandar Aa (Come inside the body),0,42,== Research in the field of Tarana ==
http://dbpedia.org/ontology/Band,http://dbpedia.org/resource/Lava,Aa,7201,27,0.999957529479892,2.2959853477263525e-05,Tanandara – Tanke Aandar Aa (Come inside the body),0,42,== Research in the field of Tarana ==
http://dbpedia.org/class/yago/YagoGeoEntity,http://dbpedia.org/resource/Lava,Aa,7201,27,0.999957529479892,2.2959853477263525e-05,Tanandara – Tanke Aandar Aa (Come inside the body),0,42,== Research in the field of Tarana ==
http://dbpedia.org/class/yago/YagoPermanentlyLocatedEntity,http://dbpedia.org/resource/Lava,Aa,7201,27,0.999957529479892,2.2959853477263525e-05,Tanandara – Tanke Aandar Aa (Come inside the body),0,42,== Research in the field of Tarana ==
http://dbpedia.org/class/yago/Artifact100021939,http://dbpedia.org/resource/Lava,Aa,7201,27,0.999957529479892,2.2959853477263525e-05,Tanandara – Tanke Aandar Aa (Come inside the body),0,42,== Research in the field of Tarana ==
http://dbpedia.org/class/yago/Fountain103388043,http://dbpedia.org/resource/Lava,Aa,7201,27,0.999957529479892,2.2959853477263525e-05,Tanandara – Tanke Aandar Aa (Come inside the body),0,42,== Research in the field of Tarana ==
http://dbpedia.org/class/yago/Object100002684,http://dbpedia.org/resource/Lava,Aa,7201,27,0.999957529479892,2.2959853477263525e-05,Tanandara – Tanke Aandar Aa (Come inside the body),0,42,== Research in the field of Tarana ==
http://dbpedia.org/class/yago/PhysicalEntity100001930,http://dbpedia.org/resource/Lava,Aa,7201,27,0.999957529479892,2.2959853477263525e-05,Tanandara – Tanke Aandar Aa (Come inside the body),0,42,== Research in the field of Tarana ==
http://dbpedia.org/class/yago/Structure104341686,http://dbpedia.org/resource/Lava,Aa,7201,27,0.999957529479892,2.2959853477263525e-05,Tanandara – Tanke Aandar Aa (Come inside the body),0,42,== Research in the field of Tarana ==
http://dbpedia.org/class/yago/Whole100003553,http://dbpedia.org/resource/Lava,Aa,7201,27,0.999957529479892,2.2959853477263525e-05,Tanandara – Tanke Aandar Aa (Come inside the body),0,42,== Research in the field of Tarana ==
http://dbpedia.org/class/yago/WikicatFountains,http://dbpedia.org/resource/Lava,Aa,7201,27,0.999957529479892,2.2959853477263525e-05,Tanandara – Tanke Aandar Aa (Come inside the body),0,42,== Research in the field of Tarana ==
http://www.w3.org/2002/07/owl#Thing,http://dbpedia.org/resource/Sitar,sitar,2376,56,0.9999999980368984,1.962470310027836e-09,"Amir Khan's first marriage was to Zeenat, sister of the sitar player, Vilayat Khan.",0,47,== Personal life ==
http://dbpedia.org/ontology/Agent,http://dbpedia.org/resource/Sitar,sitar,2376,56,0.9999999980368984,1.962470310027836e-09,"Amir Khan's first marriage was to Zeenat, sister of the sitar player, Vilayat Khan.",0,47,== Personal life ==
http://dbpedia.org/ontology/PersonFunction,http://dbpedia.org/resource/Sitar,sitar,2376,56,0.9999999980368984,1.962470310027836e-09,"Amir Khan's first marriage was to Zeenat, sister of the sitar player, Vilayat Khan.",0,47,== Personal life ==
http://www.w3.org/2002/07/owl#Thing,http://dbpedia.org/resource/Begum,Begum,461,37,0.9999124356014416,4.612257605401055e-05,"Around 1965, Khansaheb married Raisa Begum, daughter of the thumri singer, Mushtari Begum of Agra.",3,47,== Personal life ==
http://dbpedia.org/ontology/MusicGenre,http://dbpedia.org/resource/Thumri,thumri,318,60,0.9999999999999716,0.0,"Around 1965, Khansaheb married Raisa Begum, daughter of the thumri singer, Mushtari Begum of Agra.",3,47,== Personal life ==
http://dbpedia.org/class/yago/WikicatMusicGenres,http://dbpedia.org/resource/Thumri,thumri,318,60,0.9999999999999716,0.0,"Around 1965, Khansaheb married Raisa Begum, daughter of the thumri singer, Mushtari Begum of Agra.",3,47,== Personal life ==
http://dbpedia.org/class/yago/Abstraction100002137,http://dbpedia.org/resource/Thumri,thumri,318,60,0.9999999999999716,0.0,"Around 1965, Khansaheb married Raisa Begum, daughter of the thumri singer, Mushtari Begum of Agra.",3,47,== Personal life ==
http://dbpedia.org/class/yago/AuditoryCommunication107109019,http://dbpedia.org/resource/Thumri,thumri,318,60,0.9999999999999716,0.0,"Around 1965, Khansaheb married Raisa Begum, daughter of the thumri singer, Mushtari Begum of Agra.",3,47,== Personal life ==
http://dbpedia.org/class/yago/ClassicalMusic107025900,http://dbpedia.org/resource/Thumri,thumri,318,60,0.9999999999999716,0.0,"Around 1965, Khansaheb married Raisa Begum, daughter of the thumri singer, Mushtari Begum of Agra.",3,47,== Personal life ==
http://dbpedia.org/class/yago/Communication100033020,http://dbpedia.org/resource/Thumri,thumri,318,60,0.9999999999999716,0.0,"Around 1965, Khansaheb married Raisa Begum, daughter of the thumri singer, Mushtari Begum of Agra.",3,47,== Personal life ==
http://dbpedia.org/class/yago/ExpressiveStyle107066659,http://dbpedia.org/resource/Thumri,thumri,318,60,0.9999999999999716,0.0,"Around 1965, Khansaheb married Raisa Begum, daughter of the thumri singer, Mushtari Begum of Agra.",3,47,== Personal life ==
http://dbpedia.org/class/yago/Music107020895,http://dbpedia.org/resource/Thumri,thumri,318,60,0.9999999999999716,0.0,"Around 1965, Khansaheb married Raisa Begum, daughter of the thumri singer, Mushtari Begum of Agra.",3,47,== Personal life ==
http://dbpedia.org/class/yago/MusicGenre107071942,http://dbpedia.org/resource/Thumri,thumri,318,60,0.9999999999999716,0.0,"Around 1965, Khansaheb married Raisa Begum, daughter of the thumri singer, Mushtari Begum of Agra.",3,47,== Personal life ==
http://www.w3.org/2002/07/owl#Thing,http://dbpedia.org/resource/Begum,Begum,461,84,0.9999124356014416,4.612257605401055e-05,"Around 1965, Khansaheb married Raisa Begum, daughter of the thumri singer, Mushtari Begum of Agra.",3,47,== Personal life ==
http://www.w3.org/2002/07/owl#Thing,http://dbpedia.org/resource/Emir,Amir,3180,32,0.9995896783458936,0.0003463960789010039,"With Raisa he had a son, Haider Amir, later called Shahbaz Khan.",5,47,== Personal life ==
http://www.w3.org/2002/07/owl#Thing,http://dbpedia.org/resource/Shahbaz_Khan_Kamboh,Shahbaz Khan,21,51,0.9999946943071684,5.28866074822937e-06,"With Raisa he had a son, Haider Amir, later called Shahbaz Khan.",5,47,== Personal life ==
http://xmlns.com/foaf/0.1/Person,http://dbpedia.org/resource/Shahbaz_Khan_Kamboh,Shahbaz Khan,21,51,0.9999946943071684,5.28866074822937e-06,"With Raisa he had a son, Haider Amir, later called Shahbaz Khan.",5,47,== Personal life ==
http://dbpedia.org/ontology/Person,http://dbpedia.org/resource/Shahbaz_Khan_Kamboh,Shahbaz Khan,21,51,0.9999946943071684,5.28866074822937e-06,"With Raisa he had a son, Haider Amir, later called Shahbaz Khan.",5,47,== Personal life ==
http://schema.org/Person,http://dbpedia.org/resource/Shahbaz_Khan_Kamboh,Shahbaz Khan,21,51,0.9999946943071684,5.28866074822937e-06,"With Raisa he had a son, Haider Amir, later called Shahbaz Khan.",5,47,== Personal life ==
http://dbpedia.org/ontology/Animal,http://dbpedia.org/resource/Shahbaz_Khan_Kamboh,Shahbaz Khan,21,51,0.9999946943071684,5.28866074822937e-06,"With Raisa he had a son, Haider Amir, later called Shahbaz Khan.",5,47,== Personal life ==
http://dbpedia.org/ontology/Eukaryote,http://dbpedia.org/resource/Shahbaz_Khan_Kamboh,Shahbaz Khan,21,51,0.9999946943071684,5.28866074822937e-06,"With Raisa he had a son, Haider Amir, later called Shahbaz Khan.",5,47,== Personal life ==
http://dbpedia.org/ontology/Species,http://dbpedia.org/resource/Shahbaz_Khan_Kamboh,Shahbaz Khan,21,51,0.9999946943071684,5.28866074822937e-06,"With Raisa he had a son, Haider Amir, later called Shahbaz Khan.",5,47,== Personal life ==
http://www.ontologydesignpatterns.org/ont/dul/DUL.owl#NaturalPerson,http://dbpedia.org/resource/Shahbaz_Khan_Kamboh,Shahbaz Khan,21,51,0.9999946943071684,5.28866074822937e-06,"With Raisa he had a son, Haider Amir, later called Shahbaz Khan.",5,47,== Personal life ==
http://www.wikidata.org/entity/Q19088,http://dbpedia.org/resource/Shahbaz_Khan_Kamboh,Shahbaz Khan,21,51,0.9999946943071684,5.28866074822937e-06,"With Raisa he had a son, Haider Amir, later called Shahbaz Khan.",5,47,== Personal life ==
http://www.wikidata.org/entity/Q215627,http://dbpedia.org/resource/Shahbaz_Khan_Kamboh,Shahbaz Khan,21,51,0.9999946943071684,5.28866074822937e-06,"With Raisa he had a son, Haider Amir, later called Shahbaz Khan.",5,47,== Personal life ==
http://www.wikidata.org/entity/Q5,http://dbpedia.org/resource/Shahbaz_Khan_Kamboh,Shahbaz Khan,21,51,0.9999946943071684,5.28866074822937e-06,"With Raisa he had a son, Haider Amir, later called Shahbaz Khan.",5,47,== Personal life ==
http://www.wikidata.org/entity/Q729,http://dbpedia.org/resource/Shahbaz_Khan_Kamboh,Shahbaz Khan,21,51,0.9999946943071684,5.28866074822937e-06,"With Raisa he had a son, Haider Amir, later called Shahbaz Khan.",5,47,== Personal life ==
http://dbpedia.org/class/yago/Worker109632518,http://dbpedia.org/resource/Shahbaz_Khan_Kamboh,Shahbaz Khan,21,51,0.9999946943071684,5.28866074822937e-06,"With Raisa he had a son, Haider Amir, later called Shahbaz Khan.",5,47,== Personal life ==
http://dbpedia.org/class/yago/YagoLegalActor,http://dbpedia.org/resource/Shahbaz_Khan_Kamboh,Shahbaz Khan,21,51,0.9999946943071684,5.28866074822937e-06,"With Raisa he had a son, Haider Amir, later called Shahbaz Khan.",5,47,== Personal life ==
http://dbpedia.org/class/yago/YagoLegalActorGeo,http://dbpedia.org/resource/Shahbaz_Khan_Kamboh,Shahbaz Khan,21,51,0.9999946943071684,5.28866074822937e-06,"With Raisa he had a son, Haider Amir, later called Shahbaz Khan.",5,47,== Personal life ==
http://dbpedia.org/class/yago/WikicatMughalSoldiers,http://dbpedia.org/resource/Shahbaz_Khan_Kamboh,Shahbaz Khan,21,51,0.9999946943071684,5.28866074822937e-06,"With Raisa he had a son, Haider Amir, later called Shahbaz Khan.",5,47,== Personal life ==
http://dbpedia.org/class/yago/WikicatMuslimGenerals,http://dbpedia.org/resource/Shahbaz_Khan_Kamboh,Shahbaz Khan,21,51,0.9999946943071684,5.28866074822937e-06,"With Raisa he had a son, Haider Amir, later called Shahbaz Khan.",5,47,== Personal life ==
http://dbpedia.org/class/yago/CausalAgent100007347,http://dbpedia.org/resource/Shahbaz_Khan_Kamboh,Shahbaz Khan,21,51,0.9999946943071684,5.28866074822937e-06,"With Raisa he had a son, Haider Amir, later called Shahbaz Khan.",5,47,== Personal life ==
http://dbpedia.org/class/yago/CommissionedMilitaryOfficer109943239,http://dbpedia.org/resource/Shahbaz_Khan_Kamboh,Shahbaz Khan,21,51,0.9999946943071684,5.28866074822937e-06,"With Raisa he had a son, Haider Amir, later called Shahbaz Khan.",5,47,== Personal life ==
http://dbpedia.org/class/yago/CommissionedOfficer109942970,http://dbpedia.org/resource/Shahbaz_Khan_Kamboh,Shahbaz Khan,21,51,0.9999946943071684,5.28866074822937e-06,"With Raisa he had a son, Haider Amir, later called Shahbaz Khan.",5,47,== Personal life ==
http://dbpedia.org/class/yago/EnlistedPerson110058777,http://dbpedia.org/resource/Shahbaz_Khan_Kamboh,Shahbaz Khan,21,51,0.9999946943071684,5.28866074822937e-06,"With Raisa he had a son, Haider Amir, later called Shahbaz Khan.",5,47,== Personal life ==
http://dbpedia.org/class/yago/General110123844,http://dbpedia.org/resource/Shahbaz_Khan_Kamboh,Shahbaz Khan,21,51,0.9999946943071684,5.28866074822937e-06,"With Raisa he had a son, Haider Amir, later called Shahbaz Khan.",5,47,== Personal life ==
http://dbpedia.org/class/yago/GeneralOfficer110125786,http://dbpedia.org/resource/Shahbaz_Khan_Kamboh,Shahbaz Khan,21,51,0.9999946943071684,5.28866074822937e-06,"With Raisa he had a son, Haider Amir, later called Shahbaz Khan.",5,47,== Personal life ==
http://dbpedia.org/class/yago/LivingThing100004258,http://dbpedia.org/resource/Shahbaz_Khan_Kamboh,Shahbaz Khan,21,51,0.9999946943071684,5.28866074822937e-06,"With Raisa he had a son, Haider Amir, later called Shahbaz Khan.",5,47,== Personal life ==
http://dbpedia.org/class/yago/MilitaryOfficer110317007,http://dbpedia.org/resource/Shahbaz_Khan_Kamboh,Shahbaz Khan,21,51,0.9999946943071684,5.28866074822937e-06,"With Raisa he had a son, Haider Amir, later called Shahbaz Khan.",5,47,== Personal life ==
http://dbpedia.org/class/yago/Object100002684,http://dbpedia.org/resource/Shahbaz_Khan_Kamboh,Shahbaz Khan,21,51,0.9999946943071684,5.28866074822937e-06,"With Raisa he had a son, Haider Amir, later called Shahbaz Khan.",5,47,== Personal life ==
http://dbpedia.org/class/yago/Organism100004475,http://dbpedia.org/resource/Shahbaz_Khan_Kamboh,Shahbaz Khan,21,51,0.9999946943071684,5.28866074822937e-06,"With Raisa he had a son, Haider Amir, later called Shahbaz Khan.",5,47,== Personal life ==
http://dbpedia.org/class/yago/Person100007846,http://dbpedia.org/resource/Shahbaz_Khan_Kamboh,Shahbaz Khan,21,51,0.9999946943071684,5.28866074822937e-06,"With Raisa he had a son, Haider Amir, later called Shahbaz Khan.",5,47,== Personal life ==
http://dbpedia.org/class/yago/PhysicalEntity100001930,http://dbpedia.org/resource/Shahbaz_Khan_Kamboh,Shahbaz Khan,21,51,0.9999946943071684,5.28866074822937e-06,"With Raisa he had a son, Haider Amir, later called Shahbaz Khan.",5,47,== Personal life ==
http://dbpedia.org/class/yago/Serviceman110582746,http://dbpedia.org/resource/Shahbaz_Khan_Kamboh,Shahbaz Khan,21,51,0.9999946943071684,5.28866074822937e-06,"With Raisa he had a son, Haider Amir, later called Shahbaz Khan.",5,47,== Personal life ==
http://dbpedia.org/class/yago/SkilledWorker110605985,http://dbpedia.org/resource/Shahbaz_Khan_Kamboh,Shahbaz Khan,21,51,0.9999946943071684,5.28866074822937e-06,"With Raisa he had a son, Haider Amir, later called Shahbaz Khan.",5,47,== Personal life ==
http://dbpedia.org/class/yago/Soldier110622053,http://dbpedia.org/resource/Shahbaz_Khan_Kamboh,Shahbaz Khan,21,51,0.9999946943071684,5.28866074822937e-06,"With Raisa he had a son, Haider Amir, later called Shahbaz Khan.",5,47,== Personal life ==
http://dbpedia.org/class/yago/Whole100003553,http://dbpedia.org/resource/Shahbaz_Khan_Kamboh,Shahbaz Khan,21,51,0.9999946943071684,5.28866074822937e-06,"With Raisa he had a son, Haider Amir, later called Shahbaz Khan.",5,47,== Personal life ==
http://dbpedia.org/class/yago/Wikicat16th-centurySoldiers,http://dbpedia.org/resource/Shahbaz_Khan_Kamboh,Shahbaz Khan,21,51,0.9999946943071684,5.28866074822937e-06,"With Raisa he had a son, Haider Amir, later called Shahbaz Khan.",5,47,== Personal life ==
http://www.w3.org/2002/07/owl#Thing,http://dbpedia.org/resource/Music_director,Music director,2135,13,1.0,0.0,Baiju Bawra (Music director: Naushad),0,50,== Discography == | === Movies ===
http://dbpedia.org/ontology/PersonFunction,http://dbpedia.org/resource/Music_director,Music director,2135,13,1.0,0.0,Baiju Bawra (Music director: Naushad),0,50,== Discography == | === Movies ===
http://www.w3.org/2002/07/owl#Thing,http://dbpedia.org/resource/Raga,raga,2612,23,0.999999999999801,1.9800263018831486e-13,'Tori Jai Jai Kartar' (raga Puriya Dhanashree; alternate version here),0,51,== Discography == | === Movies ===
http://dbpedia.org/ontology/PublicTransitSystem,http://dbpedia.org/resource/Raga,raga,2612,23,0.999999999999801,1.9800263018831486e-13,'Tori Jai Jai Kartar' (raga Puriya Dhanashree; alternate version here),0,51,== Discography == | === Movies ===
http://dbpedia.org/ontology/MusicGenre,http://dbpedia.org/resource/Raga,raga,2612,23,0.999999999999801,1.9800263018831486e-13,'Tori Jai Jai Kartar' (raga Puriya Dhanashree; alternate version here),0,51,== Discography == | === Movies ===
http://dbpedia.org/class/yago/Writing106359877,http://dbpedia.org/resource/Raga,raga,2612,23,0.999999999999801,1.9800263018831486e-13,'Tori Jai Jai Kartar' (raga Puriya Dhanashree; alternate version here),0,51,== Discography == | === Movies ===
http://dbpedia.org/class/yago/WrittenCommunication106349220,http://dbpedia.org/resource/Raga,raga,2612,23,0.999999999999801,1.9800263018831486e-13,'Tori Jai Jai Kartar' (raga Puriya Dhanashree; alternate version here),0,51,== Discography == | === Movies ===
http://dbpedia.org/class/yago/WikicatModes,http://dbpedia.org/resource/Raga,raga,2612,23,0.999999999999801,1.9800263018831486e-13,'Tori Jai Jai Kartar' (raga Puriya Dhanashree; alternate version here),0,51,== Discography == | === Movies ===
http://dbpedia.org/class/yago/WikicatMusicGenres,http://dbpedia.org/resource/Raga,raga,2612,23,0.999999999999801,1.9800263018831486e-13,'Tori Jai Jai Kartar' (raga Puriya Dhanashree; alternate version here),0,51,== Discography == | === Movies ===
http://dbpedia.org/class/yago/WikicatMusicalScales,http://dbpedia.org/resource/Raga,raga,2612,23,0.999999999999801,1.9800263018831486e-13,'Tori Jai Jai Kartar' (raga Puriya Dhanashree; alternate version here),0,51,== Discography == | === Movies ===
http://dbpedia.org/class/yago/Abstraction100002137,http://dbpedia.org/resource/Raga,raga,2612,23,0.999999999999801,1.9800263018831486e-13,'Tori Jai Jai Kartar' (raga Puriya Dhanashree; alternate version here),0,51,== Discography == | === Movies ===
http://dbpedia.org/class/yago/Attribute100024264,http://dbpedia.org/resource/Raga,raga,2612,23,0.999999999999801,1.9800263018831486e-13,'Tori Jai Jai Kartar' (raga Puriya Dhanashree; alternate version here),0,51,== Discography == | === Movies ===
http://dbpedia.org/class/yago/AuditoryCommunication107109019,http://dbpedia.org/resource/Raga,raga,2612,23,0.999999999999801,1.9800263018831486e-13,'Tori Jai Jai Kartar' (raga Puriya Dhanashree; alternate version here),0,51,== Discography == | === Movies ===
http://dbpedia.org/class/yago/Communication100033020,http://dbpedia.org/resource/Raga,raga,2612,23,0.999999999999801,1.9800263018831486e-13,'Tori Jai Jai Kartar' (raga Puriya Dhanashree; alternate version here),0,51,== Discography == | === Movies ===
http://dbpedia.org/class/yago/ExpressiveStyle107066659,http://dbpedia.org/resource/Raga,raga,2612,23,0.999999999999801,1.9800263018831486e-13,'Tori Jai Jai Kartar' (raga Puriya Dhanashree; alternate version here),0,51,== Discography == | === Movies ===
http://dbpedia.org/class/yago/Manner104928903,http://dbpedia.org/resource/Raga,raga,2612,23,0.999999999999801,1.9800263018831486e-13,'Tori Jai Jai Kartar' (raga Puriya Dhanashree; alternate version here),0,51,== Discography == | === Movies ===
http://dbpedia.org/class/yago/Music107020895,http://dbpedia.org/resource/Raga,raga,2612,23,0.999999999999801,1.9800263018831486e-13,'Tori Jai Jai Kartar' (raga Puriya Dhanashree; alternate version here),0,51,== Discography == | === Movies ===
http://dbpedia.org/class/yago/MusicGenre107071942,http://dbpedia.org/resource/Raga,raga,2612,23,0.999999999999801,1.9800263018831486e-13,'Tori Jai Jai Kartar' (raga Puriya Dhanashree; alternate version here),0,51,== Discography == | === Movies ===
http://dbpedia.org/class/yago/MusicalNotation106814870,http://dbpedia.org/resource/Raga,raga,2612,23,0.999999999999801,1.9800263018831486e-13,'Tori Jai Jai Kartar' (raga Puriya Dhanashree; alternate version here),0,51,== Discography == | === Movies ===
http://dbpedia.org/class/yago/Notation106808493,http://dbpedia.org/resource/Raga,raga,2612,23,0.999999999999801,1.9800263018831486e-13,'Tori Jai Jai Kartar' (raga Puriya Dhanashree; alternate version here),0,51,== Discography == | === Movies ===
http://dbpedia.org/class/yago/Property104916342,http://dbpedia.org/resource/Raga,raga,2612,23,0.999999999999801,1.9800263018831486e-13,'Tori Jai Jai Kartar' (raga Puriya Dhanashree; alternate version here),0,51,== Discography == | === Movies ===
http://dbpedia.org/class/yago/Scale106856568,http://dbpedia.org/resource/Raga,raga,2612,23,0.999999999999801,1.9800263018831486e-13,'Tori Jai Jai Kartar' (raga Puriya Dhanashree; alternate version here),0,51,== Discography == | === Movies ===
http://www.w3.org/2002/07/owl#Thing,http://dbpedia.org/resource/Darbari_Kanada,raga Darbari,65,10,1.0,0.0,'Sargam' (raga Darbari),0,52,== Discography == | === Movies ===
http://dbpedia.org/ontology/MusicGenre,http://dbpedia.org/resource/Darbari_Kanada,raga Darbari,65,10,1.0,0.0,'Sargam' (raga Darbari),0,52,== Discography == | === Movies ===
http://dbpedia.org/class/yago/Abstraction100002137,http://dbpedia.org/resource/Darbari_Kanada,raga Darbari,65,10,1.0,0.0,'Sargam' (raga Darbari),0,52,== Discography == | === Movies ===
http://dbpedia.org/class/yago/AuditoryCommunication107109019,http://dbpedia.org/resource/Darbari_Kanada,raga Darbari,65,10,1.0,0.0,'Sargam' (raga Darbari),0,52,== Discography == | === Movies ===
http://dbpedia.org/class/yago/ClassicalMusic107025900,http://dbpedia.org/resource/Darbari_Kanada,raga Darbari,65,10,1.0,0.0,'Sargam' (raga Darbari),0,52,== Discography == | === Movies ===
http://dbpedia.org/class/yago/Communication100033020,http://dbpedia.org/resource/Darbari_Kanada,raga Darbari,65,10,1.0,0.0,'Sargam' (raga Darbari),0,52,== Discography == | === Movies ===
http://dbpedia.org/class/yago/ExpressiveStyle107066659,http://dbpedia.org/resource/Darbari_Kanada,raga Darbari,65,10,1.0,0.0,'Sargam' (raga Darbari),0,52,== Discography == | === Movies ===
http://dbpedia.org/class/yago/Music107020895,http://dbpedia.org/resource/Darbari_Kanada,raga Darbari,65,10,1.0,0.0,'Sargam' (raga Darbari),0,52,== Discography == | === Movies ===
http://dbpedia.org/class/yago/MusicGenre107071942,http://dbpedia.org/resource/Darbari_Kanada,raga Darbari,65,10,1.0,0.0,'Sargam' (raga Darbari),0,52,== Discography == | === Movies ===
http://www.w3.org/2002/07/owl#Thing,http://dbpedia.org/resource/Raga,raga,2612,31,0.999999980994858,1.90041640471492e-08,"'Langar Kankariya Ji Na Maro' (raga Todi, with D. V. Paluskar)",0,53,== Discography == | === Movies ===
http://dbpedia.org/ontology/PublicTransitSystem,http://dbpedia.org/resource/Raga,raga,2612,31,0.999999980994858,1.90041640471492e-08,"'Langar Kankariya Ji Na Maro' (raga Todi, with D. V. Paluskar)",0,53,== Discography == | === Movies ===
http://dbpedia.org/ontology/MusicGenre,http://dbpedia.org/resource/Raga,raga,2612,31,0.999999980994858,1.90041640471492e-08,"'Langar Kankariya Ji Na Maro' (raga Todi, with D. V. Paluskar)",0,53,== Discography == | === Movies ===
http://dbpedia.org/class/yago/Writing106359877,http://dbpedia.org/resource/Raga,raga,2612,31,0.999999980994858,1.90041640471492e-08,"'Langar Kankariya Ji Na Maro' (raga Todi, with D. V. Paluskar)",0,53,== Discography == | === Movies ===
http://dbpedia.org/class/yago/WrittenCommunication106349220,http://dbpedia.org/resource/Raga,raga,2612,31,0.999999980994858,1.90041640471492e-08,"'Langar Kankariya Ji Na Maro' (raga Todi, with D. V. Paluskar)",0,53,== Discography == | === Movies ===
http://dbpedia.org/class/yago/WikicatModes,http://dbpedia.org/resource/Raga,raga,2612,31,0.999999980994858,1.90041640471492e-08,"'Langar Kankariya Ji Na Maro' (raga Todi, with D. V. Paluskar)",0,53,== Discography == | === Movies ===
http://dbpedia.org/class/yago/WikicatMusicGenres,http://dbpedia.org/resource/Raga,raga,2612,31,0.999999980994858,1.90041640471492e-08,"'Langar Kankariya Ji Na Maro' (raga Todi, with D. V. Paluskar)",0,53,== Discography == | === Movies ===
http://dbpedia.org/class/yago/WikicatMusicalScales,http://dbpedia.org/resource/Raga,raga,2612,31,0.999999980994858,1.90041640471492e-08,"'Langar Kankariya Ji Na Maro' (raga Todi, with D. V. Paluskar)",0,53,== Discography == | === Movies ===
http://dbpedia.org/class/yago/Abstraction100002137,http://dbpedia.org/resource/Raga,raga,2612,31,0.999999980994858,1.90041640471492e-08,"'Langar Kankariya Ji Na Maro' (raga Todi, with D. V. Paluskar)",0,53,== Discography == | === Movies ===
http://dbpedia.org/class/yago/Attribute100024264,http://dbpedia.org/resource/Raga,raga,2612,31,0.999999980994858,1.90041640471492e-08,"'Langar Kankariya Ji Na Maro' (raga Todi, with D. V. Paluskar)",0,53,== Discography == | === Movies ===
http://dbpedia.org/class/yago/AuditoryCommunication107109019,http://dbpedia.org/resource/Raga,raga,2612,31,0.999999980994858,1.90041640471492e-08,"'Langar Kankariya Ji Na Maro' (raga Todi, with D. V. Paluskar)",0,53,== Discography == | === Movies ===
http://dbpedia.org/class/yago/Communication100033020,http://dbpedia.org/resource/Raga,raga,2612,31,0.999999980994858,1.90041640471492e-08,"'Langar Kankariya Ji Na Maro' (raga Todi, with D. V. Paluskar)",0,53,== Discography == | === Movies ===
http://dbpedia.org/class/yago/ExpressiveStyle107066659,http://dbpedia.org/resource/Raga,raga,2612,31,0.999999980994858,1.90041640471492e-08,"'Langar Kankariya Ji Na Maro' (raga Todi, with D. V. Paluskar)",0,53,== Discography == | === Movies ===
http://dbpedia.org/class/yago/Manner104928903,http://dbpedia.org/resource/Raga,raga,2612,31,0.999999980994858,1.90041640471492e-08,"'Langar Kankariya Ji Na Maro' (raga Todi, with D. V. Paluskar)",0,53,== Discography == | === Movies ===
http://dbpedia.org/class/yago/Music107020895,http://dbpedia.org/resource/Raga,raga,2612,31,0.999999980994858,1.90041640471492e-08,"'Langar Kankariya Ji Na Maro' (raga Todi, with D. V. Paluskar)",0,53,== Discography == | === Movies ===
http://dbpedia.org/class/yago/MusicGenre107071942,http://dbpedia.org/resource/Raga,raga,2612,31,0.999999980994858,1.90041640471492e-08,"'Langar Kankariya Ji Na Maro' (raga Todi, with D. V. Paluskar)",0,53,== Discography == | === Movies ===
http://dbpedia.org/class/yago/MusicalNotation106814870,http://dbpedia.org/resource/Raga,raga,2612,31,0.999999980994858,1.90041640471492e-08,"'Langar Kankariya Ji Na Maro' (raga Todi, with D. V. Paluskar)",0,53,== Discography == | === Movies ===
http://dbpedia.org/class/yago/Notation106808493,http://dbpedia.org/resource/Raga,raga,2612,31,0.999999980994858,1.90041640471492e-08,"'Langar Kankariya Ji Na Maro' (raga Todi, with D. V. Paluskar)",0,53,== Discography == | === Movies ===
http://dbpedia.org/class/yago/Property104916342,http://dbpedia.org/resource/Raga,raga,2612,31,0.999999980994858,1.90041640471492e-08,"'Langar Kankariya Ji Na Maro' (raga Todi, with D. V. Paluskar)",0,53,== Discography == | === Movies ===
http://dbpedia.org/class/yago/Scale106856568,http://dbpedia.org/resource/Raga,raga,2612,31,0.999999980994858,1.90041640471492e-08,"'Langar Kankariya Ji Na Maro' (raga Todi, with D. V. Paluskar)",0,53,== Discography == | === Movies ===
http://www.w3.org/2002/07/owl#Thing,http://dbpedia.org/resource/Raga,raga,2612,31,1.0,2.7600374405587678e-15,"'Aaj Gaawat Man Mero Jhoomke' (raga Desi, with D. V. Paluskar)",0,54,== Discography == | === Movies ===
http://dbpedia.org/ontology/PublicTransitSystem,http://dbpedia.org/resource/Raga,raga,2612,31,1.0,2.7600374405587678e-15,"'Aaj Gaawat Man Mero Jhoomke' (raga Desi, with D. V. Paluskar)",0,54,== Discography == | === Movies ===
http://dbpedia.org/ontology/MusicGenre,http://dbpedia.org/resource/Raga,raga,2612,31,1.0,2.7600374405587678e-15,"'Aaj Gaawat Man Mero Jhoomke' (raga Desi, with D. V. Paluskar)",0,54,== Discography == | === Movies ===
http://dbpedia.org/class/yago/Writing106359877,http://dbpedia.org/resource/Raga,raga,2612,31,1.0,2.7600374405587678e-15,"'Aaj Gaawat Man Mero Jhoomke' (raga Desi, with D. V. Paluskar)",0,54,== Discography == | === Movies ===
http://dbpedia.org/class/yago/WrittenCommunication106349220,http://dbpedia.org/resource/Raga,raga,2612,31,1.0,2.7600374405587678e-15,"'Aaj Gaawat Man Mero Jhoomke' (raga Desi, with D. V. Paluskar)",0,54,== Discography == | === Movies ===
http://dbpedia.org/class/yago/WikicatModes,http://dbpedia.org/resource/Raga,raga,2612,31,1.0,2.7600374405587678e-15,"'Aaj Gaawat Man Mero Jhoomke' (raga Desi, with D. V. Paluskar)",0,54,== Discography == | === Movies ===
http://dbpedia.org/class/yago/WikicatMusicGenres,http://dbpedia.org/resource/Raga,raga,2612,31,1.0,2.7600374405587678e-15,"'Aaj Gaawat Man Mero Jhoomke' (raga Desi, with D. V. Paluskar)",0,54,== Discography == | === Movies ===
http://dbpedia.org/class/yago/WikicatMusicalScales,http://dbpedia.org/resource/Raga,raga,2612,31,1.0,2.7600374405587678e-15,"'Aaj Gaawat Man Mero Jhoomke' (raga Desi, with D. V. Paluskar)",0,54,== Discography == | === Movies ===
http://dbpedia.org/class/yago/Abstraction100002137,http://dbpedia.org/resource/Raga,raga,2612,31,1.0,2.7600374405587678e-15,"'Aaj Gaawat Man Mero Jhoomke' (raga Desi, with D. V. Paluskar)",0,54,== Discography == | === Movies ===
http://dbpedia.org/class/yago/Attribute100024264,http://dbpedia.org/resource/Raga,raga,2612,31,1.0,2.7600374405587678e-15,"'Aaj Gaawat Man Mero Jhoomke' (raga Desi, with D. V. Paluskar)",0,54,== Discography == | === Movies ===
http://dbpedia.org/class/yago/AuditoryCommunication107109019,http://dbpedia.org/resource/Raga,raga,2612,31,1.0,2.7600374405587678e-15,"'Aaj Gaawat Man Mero Jhoomke' (raga Desi, with D. V. Paluskar)",0,54,== Discography == | === Movies ===
http://dbpedia.org/class/yago/Communication100033020,http://dbpedia.org/resource/Raga,raga,2612,31,1.0,2.7600374405587678e-15,"'Aaj Gaawat Man Mero Jhoomke' (raga Desi, with D. V. Paluskar)",0,54,== Discography == | === Movies ===
http://dbpedia.org/class/yago/ExpressiveStyle107066659,http://dbpedia.org/resource/Raga,raga,2612,31,1.0,2.7600374405587678e-15,"'Aaj Gaawat Man Mero Jhoomke' (raga Desi, with D. V. Paluskar)",0,54,== Discography == | === Movies ===
http://dbpedia.org/class/yago/Manner104928903,http://dbpedia.org/resource/Raga,raga,2612,31,1.0,2.7600374405587678e-15,"'Aaj Gaawat Man Mero Jhoomke' (raga Desi, with D. V. Paluskar)",0,54,== Discography == | === Movies ===
http://dbpedia.org/class/yago/Music107020895,http://dbpedia.org/resource/Raga,raga,2612,31,1.0,2.7600374405587678e-15,"'Aaj Gaawat Man Mero Jhoomke' (raga Desi, with D. V. Paluskar)",0,54,== Discography == | === Movies ===
http://dbpedia.org/class/yago/MusicGenre107071942,http://dbpedia.org/resource/Raga,raga,2612,31,1.0,2.7600374405587678e-15,"'Aaj Gaawat Man Mero Jhoomke' (raga Desi, with D. V. Paluskar)",0,54,== Discography == | === Movies ===
http://dbpedia.org/class/yago/MusicalNotation106814870,http://dbpedia.org/resource/Raga,raga,2612,31,1.0,2.7600374405587678e-15,"'Aaj Gaawat Man Mero Jhoomke' (raga Desi, with D. V. Paluskar)",0,54,== Discography == | === Movies ===
http://dbpedia.org/class/yago/Notation106808493,http://dbpedia.org/resource/Raga,raga,2612,31,1.0,2.7600374405587678e-15,"'Aaj Gaawat Man Mero Jhoomke' (raga Desi, with D. V. Paluskar)",0,54,== Discography == | === Movies ===
http://dbpedia.org/class/yago/Property104916342,http://dbpedia.org/resource/Raga,raga,2612,31,1.0,2.7600374405587678e-15,"'Aaj Gaawat Man Mero Jhoomke' (raga Desi, with D. V. Paluskar)",0,54,== Discography == | === Movies ===
http://dbpedia.org/class/yago/Scale106856568,http://dbpedia.org/resource/Raga,raga,2612,31,1.0,2.7600374405587678e-15,"'Aaj Gaawat Man Mero Jhoomke' (raga Desi, with D. V. Paluskar)",0,54,== Discography == | === Movies ===
http://dbpedia.org/ontology/MusicGenre,http://dbpedia.org/resource/Desi,Desi,374,36,0.9867242168997836,0.0134540726486247,"'Aaj Gaawat Man Mero Jhoomke' (raga Desi, with D. V. Paluskar)",0,54,== Discography == | === Movies ===
http://dbpedia.org/class/yago/Abstraction100002137,http://dbpedia.org/resource/Desi,Desi,374,36,0.9867242168997836,0.0134540726486247,"'Aaj Gaawat Man Mero Jhoomke' (raga Desi, with D. V. Paluskar)",0,54,== Discography == | === Movies ===
http://dbpedia.org/class/yago/EthnicGroup107967382,http://dbpedia.org/resource/Desi,Desi,374,36,0.9867242168997836,0.0134540726486247,"'Aaj Gaawat Man Mero Jhoomke' (raga Desi, with D. V. Paluskar)",0,54,== Discography == | === Movies ===
http://dbpedia.org/class/yago/Group100031264,http://dbpedia.org/resource/Desi,Desi,374,36,0.9867242168997836,0.0134540726486247,"'Aaj Gaawat Man Mero Jhoomke' (raga Desi, with D. V. Paluskar)",0,54,== Discography == | === Movies ===
http://dbpedia.org/class/yago/WikicatEthnicGroupsInAsia,http://dbpedia.org/resource/Desi,Desi,374,36,0.9867242168997836,0.0134540726486247,"'Aaj Gaawat Man Mero Jhoomke' (raga Desi, with D. V. Paluskar)",0,54,== Discography == | === Movies ===
http://dbpedia.org/class/yago/WikicatEthnicGroupsInIndia,http://dbpedia.org/resource/Desi,Desi,374,36,0.9867242168997836,0.0134540726486247,"'Aaj Gaawat Man Mero Jhoomke' (raga Desi, with D. V. Paluskar)",0,54,== Discography == | === Movies ===
http://dbpedia.org/class/yago/WikicatEthnicGroupsInOceania,http://dbpedia.org/resource/Desi,Desi,374,36,0.9867242168997836,0.0134540726486247,"'Aaj Gaawat Man Mero Jhoomke' (raga Desi, with D. V. Paluskar)",0,54,== Discography == | === Movies ===
http://dbpedia.org/class/yago/WikicatEthnicGroupsInPakistan,http://dbpedia.org/resource/Desi,Desi,374,36,0.9867242168997836,0.0134540726486247,"'Aaj Gaawat Man Mero Jhoomke' (raga Desi, with D. V. Paluskar)",0,54,== Discography == | === Movies ===
http://www.w3.org/2002/07/owl#Thing,http://dbpedia.org/resource/Raga,raga,2612,34,1.0,1.3652985935419336e-15,'Ghanana Ghanana Ghana Garjo Re' (raga Megh),0,55,== Discography == | === Movies ===
http://dbpedia.org/ontology/PublicTransitSystem,http://dbpedia.org/resource/Raga,raga,2612,34,1.0,1.3652985935419336e-15,'Ghanana Ghanana Ghana Garjo Re' (raga Megh),0,55,== Discography == | === Movies ===
http://dbpedia.org/ontology/MusicGenre,http://dbpedia.org/resource/Raga,raga,2612,34,1.0,1.3652985935419336e-15,'Ghanana Ghanana Ghana Garjo Re' (raga Megh),0,55,== Discography == | === Movies ===
http://dbpedia.org/class/yago/Writing106359877,http://dbpedia.org/resource/Raga,raga,2612,34,1.0,1.3652985935419336e-15,'Ghanana Ghanana Ghana Garjo Re' (raga Megh),0,55,== Discography == | === Movies ===
http://dbpedia.org/class/yago/WrittenCommunication106349220,http://dbpedia.org/resource/Raga,raga,2612,34,1.0,1.3652985935419336e-15,'Ghanana Ghanana Ghana Garjo Re' (raga Megh),0,55,== Discography == | === Movies ===
http://dbpedia.org/class/yago/WikicatModes,http://dbpedia.org/resource/Raga,raga,2612,34,1.0,1.3652985935419336e-15,'Ghanana Ghanana Ghana Garjo Re' (raga Megh),0,55,== Discography == | === Movies ===
http://dbpedia.org/class/yago/WikicatMusicGenres,http://dbpedia.org/resource/Raga,raga,2612,34,1.0,1.3652985935419336e-15,'Ghanana Ghanana Ghana Garjo Re' (raga Megh),0,55,== Discography == | === Movies ===
http://dbpedia.org/class/yago/WikicatMusicalScales,http://dbpedia.org/resource/Raga,raga,2612,34,1.0,1.3652985935419336e-15,'Ghanana Ghanana Ghana Garjo Re' (raga Megh),0,55,== Discography == | === Movies ===
http://dbpedia.org/class/yago/Abstraction100002137,http://dbpedia.org/resource/Raga,raga,2612,34,1.0,1.3652985935419336e-15,'Ghanana Ghanana Ghana Garjo Re' (raga Megh),0,55,== Discography == | === Movies ===
http://dbpedia.org/class/yago/Attribute100024264,http://dbpedia.org/resource/Raga,raga,2612,34,1.0,1.3652985935419336e-15,'Ghanana Ghanana Ghana Garjo Re' (raga Megh),0,55,== Discography == | === Movies ===
http://dbpedia.org/class/yago/AuditoryCommunication107109019,http://dbpedia.org/resource/Raga,raga,2612,34,1.0,1.3652985935419336e-15,'Ghanana Ghanana Ghana Garjo Re' (raga Megh),0,55,== Discography == | === Movies ===
http://dbpedia.org/class/yago/Communication100033020,http://dbpedia.org/resource/Raga,raga,2612,34,1.0,1.3652985935419336e-15,'Ghanana Ghanana Ghana Garjo Re' (raga Megh),0,55,== Discography == | === Movies ===
http://dbpedia.org/class/yago/ExpressiveStyle107066659,http://dbpedia.org/resource/Raga,raga,2612,34,1.0,1.3652985935419336e-15,'Ghanana Ghanana Ghana Garjo Re' (raga Megh),0,55,== Discography == | === Movies ===
http://dbpedia.org/class/yago/Manner104928903,http://dbpedia.org/resource/Raga,raga,2612,34,1.0,1.3652985935419336e-15,'Ghanana Ghanana Ghana Garjo Re' (raga Megh),0,55,== Discography == | === Movies ===
http://dbpedia.org/class/yago/Music107020895,http://dbpedia.org/resource/Raga,raga,2612,34,1.0,1.3652985935419336e-15,'Ghanana Ghanana Ghana Garjo Re' (raga Megh),0,55,== Discography == | === Movies ===
http://dbpedia.org/class/yago/MusicGenre107071942,http://dbpedia.org/resource/Raga,raga,2612,34,1.0,1.3652985935419336e-15,'Ghanana Ghanana Ghana Garjo Re' (raga Megh),0,55,== Discography == | === Movies ===
http://dbpedia.org/class/yago/MusicalNotation106814870,http://dbpedia.org/resource/Raga,raga,2612,34,1.0,1.3652985935419336e-15,'Ghanana Ghanana Ghana Garjo Re' (raga Megh),0,55,== Discography == | === Movies ===
http://dbpedia.org/class/yago/Notation106808493,http://dbpedia.org/resource/Raga,raga,2612,34,1.0,1.3652985935419336e-15,'Ghanana Ghanana Ghana Garjo Re' (raga Megh),0,55,== Discography == | === Movies ===
http://dbpedia.org/class/yago/Property104916342,http://dbpedia.org/resource/Raga,raga,2612,34,1.0,1.3652985935419336e-15,'Ghanana Ghanana Ghana Garjo Re' (raga Megh),0,55,== Discography == | === Movies ===
http://dbpedia.org/class/yago/Scale106856568,http://dbpedia.org/resource/Raga,raga,2612,34,1.0,1.3652985935419336e-15,'Ghanana Ghanana Ghana Garjo Re' (raga Megh),0,55,== Discography == | === Movies ===
http://www.w3.org/2002/07/owl#Thing,http://dbpedia.org/resource/Kshudhita_Pashan,Kshudhita Pashan,8,0,0.9999999996599342,0.0,Kshudhita Pashan (Music director: Ali Akbar Khan),0,56,== Discography == | === Movies ===
http://www.w3.org/2002/07/owl#Thing,http://dbpedia.org/resource/Music_director,Music director,2135,18,1.0,0.0,Kshudhita Pashan (Music director: Ali Akbar Khan),0,56,== Discography == | === Movies ===
http://dbpedia.org/ontology/PersonFunction,http://dbpedia.org/resource/Music_director,Music director,2135,18,1.0,0.0,Kshudhita Pashan (Music director: Ali Akbar Khan),0,56,== Discography == | === Movies ===
http://www.w3.org/2002/07/owl#Thing,http://dbpedia.org/resource/Raga,raga,2612,20,0.9999999999601812,3.952811686243922e-11,"'Kaise Kate Rajni' (raga Bageshree, with Protima Banerjee)",0,57,== Discography == | === Movies ===
http://dbpedia.org/ontology/PublicTransitSystem,http://dbpedia.org/resource/Raga,raga,2612,20,0.9999999999601812,3.952811686243922e-11,"'Kaise Kate Rajni' (raga Bageshree, with Protima Banerjee)",0,57,== Discography == | === Movies ===
http://dbpedia.org/ontology/MusicGenre,http://dbpedia.org/resource/Raga,raga,2612,20,0.9999999999601812,3.952811686243922e-11,"'Kaise Kate Rajni' (raga Bageshree, with Protima Banerjee)",0,57,== Discography == | === Movies ===
http://dbpedia.org/class/yago/Writing106359877,http://dbpedia.org/resource/Raga,raga,2612,20,0.9999999999601812,3.952811686243922e-11,"'Kaise Kate Rajni' (raga Bageshree, with Protima Banerjee)",0,57,== Discography == | === Movies ===
http://dbpedia.org/class/yago/WrittenCommunication106349220,http://dbpedia.org/resource/Raga,raga,2612,20,0.9999999999601812,3.952811686243922e-11,"'Kaise Kate Rajni' (raga Bageshree, with Protima Banerjee)",0,57,== Discography == | === Movies ===
http://dbpedia.org/class/yago/WikicatModes,http://dbpedia.org/resource/Raga,raga,2612,20,0.9999999999601812,3.952811686243922e-11,"'Kaise Kate Rajni' (raga Bageshree, with Protima Banerjee)",0,57,== Discography == | === Movies ===
http://dbpedia.org/class/yago/WikicatMusicGenres,http://dbpedia.org/resource/Raga,raga,2612,20,0.9999999999601812,3.952811686243922e-11,"'Kaise Kate Rajni' (raga Bageshree, with Protima Banerjee)",0,57,== Discography == | === Movies ===
http://dbpedia.org/class/yago/WikicatMusicalScales,http://dbpedia.org/resource/Raga,raga,2612,20,0.9999999999601812,3.952811686243922e-11,"'Kaise Kate Rajni' (raga Bageshree, with Protima Banerjee)",0,57,== Discography == | === Movies ===
http://dbpedia.org/class/yago/Abstraction100002137,http://dbpedia.org/resource/Raga,raga,2612,20,0.9999999999601812,3.952811686243922e-11,"'Kaise Kate Rajni' (raga Bageshree, with Protima Banerjee)",0,57,== Discography == | === Movies ===
http://dbpedia.org/class/yago/Attribute100024264,http://dbpedia.org/resource/Raga,raga,2612,20,0.9999999999601812,3.952811686243922e-11,"'Kaise Kate Rajni' (raga Bageshree, with Protima Banerjee)",0,57,== Discography == | === Movies ===
http://dbpedia.org/class/yago/AuditoryCommunication107109019,http://dbpedia.org/resource/Raga,raga,2612,20,0.9999999999601812,3.952811686243922e-11,"'Kaise Kate Rajni' (raga Bageshree, with Protima Banerjee)",0,57,== Discography == | === Movies ===
http://dbpedia.org/class/yago/Communication100033020,http://dbpedia.org/resource/Raga,raga,2612,20,0.9999999999601812,3.952811686243922e-11,"'Kaise Kate Rajni' (raga Bageshree, with Protima Banerjee)",0,57,== Discography == | === Movies ===
http://dbpedia.org/class/yago/ExpressiveStyle107066659,http://dbpedia.org/resource/Raga,raga,2612,20,0.9999999999601812,3.952811686243922e-11,"'Kaise Kate Rajni' (raga Bageshree, with Protima Banerjee)",0,57,== Discography == | === Movies ===
http://dbpedia.org/class/yago/Manner104928903,http://dbpedia.org/resource/Raga,raga,2612,20,0.9999999999601812,3.952811686243922e-11,"'Kaise Kate Rajni' (raga Bageshree, with Protima Banerjee)",0,57,== Discography == | === Movies ===
http://dbpedia.org/class/yago/Music107020895,http://dbpedia.org/resource/Raga,raga,2612,20,0.9999999999601812,3.952811686243922e-11,"'Kaise Kate Rajni' (raga Bageshree, with Protima Banerjee)",0,57,== Discography == | === Movies ===
http://dbpedia.org/class/yago/MusicGenre107071942,http://dbpedia.org/resource/Raga,raga,2612,20,0.9999999999601812,3.952811686243922e-11,"'Kaise Kate Rajni' (raga Bageshree, with Protima Banerjee)",0,57,== Discography == | === Movies ===
http://dbpedia.org/class/yago/MusicalNotation106814870,http://dbpedia.org/resource/Raga,raga,2612,20,0.9999999999601812,3.952811686243922e-11,"'Kaise Kate Rajni' (raga Bageshree, with Protima Banerjee)",0,57,== Discography == | === Movies ===
http://dbpedia.org/class/yago/Notation106808493,http://dbpedia.org/resource/Raga,raga,2612,20,0.9999999999601812,3.952811686243922e-11,"'Kaise Kate Rajni' (raga Bageshree, with Protima Banerjee)",0,57,== Discography == | === Movies ===
http://dbpedia.org/class/yago/Property104916342,http://dbpedia.org/resource/Raga,raga,2612,20,0.9999999999601812,3.952811686243922e-11,"'Kaise Kate Rajni' (raga Bageshree, with Protima Banerjee)",0,57,== Discography == | === Movies ===
http://dbpedia.org/class/yago/Scale106856568,http://dbpedia.org/resource/Raga,raga,2612,20,0.9999999999601812,3.952811686243922e-11,"'Kaise Kate Rajni' (raga Bageshree, with Protima Banerjee)",0,57,== Discography == | === Movies ===
http://dbpedia.org/ontology/MusicGenre,http://dbpedia.org/resource/Bageshri,Bageshree,46,25,0.9999999999952536,0.0,"'Kaise Kate Rajni' (raga Bageshree, with Protima Banerjee)",0,57,== Discography == | === Movies ===
http://dbpedia.org/ontology/MusicGenre,http://dbpedia.org/resource/Thumri,thumri,318,20,1.0,0.0,'Piya Ke Aavan Ki' (thumri in raga Khamaj),0,58,== Discography == | === Movies ===
http://dbpedia.org/class/yago/WikicatMusicGenres,http://dbpedia.org/resource/Thumri,thumri,318,20,1.0,0.0,'Piya Ke Aavan Ki' (thumri in raga Khamaj),0,58,== Discography == | === Movies ===
http://dbpedia.org/class/yago/Abstraction100002137,http://dbpedia.org/resource/Thumri,thumri,318,20,1.0,0.0,'Piya Ke Aavan Ki' (thumri in raga Khamaj),0,58,== Discography == | === Movies ===
http://dbpedia.org/class/yago/AuditoryCommunication107109019,http://dbpedia.org/resource/Thumri,thumri,318,20,1.0,0.0,'Piya Ke Aavan Ki' (thumri in raga Khamaj),0,58,== Discography == | === Movies ===
http://dbpedia.org/class/yago/ClassicalMusic107025900,http://dbpedia.org/resource/Thumri,thumri,318,20,1.0,0.0,'Piya Ke Aavan Ki' (thumri in raga Khamaj),0,58,== Discography == | === Movies ===
http://dbpedia.org/class/yago/Communication100033020,http://dbpedia.org/resource/Thumri,thumri,318,20,1.0,0.0,'Piya Ke Aavan Ki' (thumri in raga Khamaj),0,58,== Discography == | === Movies ===
http://dbpedia.org/class/yago/ExpressiveStyle107066659,http://dbpedia.org/resource/Thumri,thumri,318,20,1.0,0.0,'Piya Ke Aavan Ki' (thumri in raga Khamaj),0,58,== Discography == | === Movies ===
http://dbpedia.org/class/yago/Music107020895,http://dbpedia.org/resource/Thumri,thumri,318,20,1.0,0.0,'Piya Ke Aavan Ki' (thumri in raga Khamaj),0,58,== Discography == | === Movies ===
http://dbpedia.org/class/yago/MusicGenre107071942,http://dbpedia.org/resource/Thumri,thumri,318,20,1.0,0.0,'Piya Ke Aavan Ki' (thumri in raga Khamaj),0,58,== Discography == | === Movies ===
http://www.w3.org/2002/07/owl#Thing,http://dbpedia.org/resource/Raga,raga,2612,30,1.0,1.370127555793146e-17,'Piya Ke Aavan Ki' (thumri in raga Khamaj),0,58,== Discography == | === Movies ===
http://dbpedia.org/ontology/PublicTransitSystem,http://dbpedia.org/resource/Raga,raga,2612,30,1.0,1.370127555793146e-17,'Piya Ke Aavan Ki' (thumri in raga Khamaj),0,58,== Discography == | === Movies ===
http://dbpedia.org/ontology/MusicGenre,http://dbpedia.org/resource/Raga,raga,2612,30,1.0,1.370127555793146e-17,'Piya Ke Aavan Ki' (thumri in raga Khamaj),0,58,== Discography == | === Movies ===
http://dbpedia.org/class/yago/Writing106359877,http://dbpedia.org/resource/Raga,raga,2612,30,1.0,1.370127555793146e-17,'Piya Ke Aavan Ki' (thumri in raga Khamaj),0,58,== Discography == | === Movies ===
http://dbpedia.org/class/yago/WrittenCommunication106349220,http://dbpedia.org/resource/Raga,raga,2612,30,1.0,1.370127555793146e-17,'Piya Ke Aavan Ki' (thumri in raga Khamaj),0,58,== Discography == | === Movies ===
http://dbpedia.org/class/yago/WikicatModes,http://dbpedia.org/resource/Raga,raga,2612,30,1.0,1.370127555793146e-17,'Piya Ke Aavan Ki' (thumri in raga Khamaj),0,58,== Discography == | === Movies ===
http://dbpedia.org/class/yago/WikicatMusicGenres,http://dbpedia.org/resource/Raga,raga,2612,30,1.0,1.370127555793146e-17,'Piya Ke Aavan Ki' (thumri in raga Khamaj),0,58,== Discography == | === Movies ===
http://dbpedia.org/class/yago/WikicatMusicalScales,http://dbpedia.org/resource/Raga,raga,2612,30,1.0,1.370127555793146e-17,'Piya Ke Aavan Ki' (thumri in raga Khamaj),0,58,== Discography == | === Movies ===
http://dbpedia.org/class/yago/Abstraction100002137,http://dbpedia.org/resource/Raga,raga,2612,30,1.0,1.370127555793146e-17,'Piya Ke Aavan Ki' (thumri in raga Khamaj),0,58,== Discography == | === Movies ===
http://dbpedia.org/class/yago/Attribute100024264,http://dbpedia.org/resource/Raga,raga,2612,30,1.0,1.370127555793146e-17,'Piya Ke Aavan Ki' (thumri in raga Khamaj),0,58,== Discography == | === Movies ===
http://dbpedia.org/class/yago/AuditoryCommunication107109019,http://dbpedia.org/resource/Raga,raga,2612,30,1.0,1.370127555793146e-17,'Piya Ke Aavan Ki' (thumri in raga Khamaj),0,58,== Discography == | === Movies ===
http://dbpedia.org/class/yago/Communication100033020,http://dbpedia.org/resource/Raga,raga,2612,30,1.0,1.370127555793146e-17,'Piya Ke Aavan Ki' (thumri in raga Khamaj),0,58,== Discography == | === Movies ===
http://dbpedia.org/class/yago/ExpressiveStyle107066659,http://dbpedia.org/resource/Raga,raga,2612,30,1.0,1.370127555793146e-17,'Piya Ke Aavan Ki' (thumri in raga Khamaj),0,58,== Discography == | === Movies ===
http://dbpedia.org/class/yago/Manner104928903,http://dbpedia.org/resource/Raga,raga,2612,30,1.0,1.370127555793146e-17,'Piya Ke Aavan Ki' (thumri in raga Khamaj),0,58,== Discography == | === Movies ===
http://dbpedia.org/class/yago/Music107020895,http://dbpedia.org/resource/Raga,raga,2612,30,1.0,1.370127555793146e-17,'Piya Ke Aavan Ki' (thumri in raga Khamaj),0,58,== Discography == | === Movies ===
http://dbpedia.org/class/yago/MusicGenre107071942,http://dbpedia.org/resource/Raga,raga,2612,30,1.0,1.370127555793146e-17,'Piya Ke Aavan Ki' (thumri in raga Khamaj),0,58,== Discography == | === Movies ===
http://dbpedia.org/class/yago/MusicalNotation106814870,http://dbpedia.org/resource/Raga,raga,2612,30,1.0,1.370127555793146e-17,'Piya Ke Aavan Ki' (thumri in raga Khamaj),0,58,== Discography == | === Movies ===
http://dbpedia.org/class/yago/Notation106808493,http://dbpedia.org/resource/Raga,raga,2612,30,1.0,1.370127555793146e-17,'Piya Ke Aavan Ki' (thumri in raga Khamaj),0,58,== Discography == | === Movies ===
http://dbpedia.org/class/yago/Property104916342,http://dbpedia.org/resource/Raga,raga,2612,30,1.0,1.370127555793146e-17,'Piya Ke Aavan Ki' (thumri in raga Khamaj),0,58,== Discography == | === Movies ===
http://dbpedia.org/class/yago/Scale106856568,http://dbpedia.org/resource/Raga,raga,2612,30,1.0,1.370127555793146e-17,'Piya Ke Aavan Ki' (thumri in raga Khamaj),0,58,== Discography == | === Movies ===
http://www.w3.org/2002/07/owl#Thing,http://dbpedia.org/resource/Raga,raga,2612,36,0.9999999999999858,1.5342561767178808e-14,'Dheemta Dheemta Derena' (tarana in raga Megh),0,59,== Discography == | === Movies ===
http://dbpedia.org/ontology/PublicTransitSystem,http://dbpedia.org/resource/Raga,raga,2612,36,0.9999999999999858,1.5342561767178808e-14,'Dheemta Dheemta Derena' (tarana in raga Megh),0,59,== Discography == | === Movies ===
http://dbpedia.org/ontology/MusicGenre,http://dbpedia.org/resource/Raga,raga,2612,36,0.9999999999999858,1.5342561767178808e-14,'Dheemta Dheemta Derena' (tarana in raga Megh),0,59,== Discography == | === Movies ===
http://dbpedia.org/class/yago/Writing106359877,http://dbpedia.org/resource/Raga,raga,2612,36,0.9999999999999858,1.5342561767178808e-14,'Dheemta Dheemta Derena' (tarana in raga Megh),0,59,== Discography == | === Movies ===
http://dbpedia.org/class/yago/WrittenCommunication106349220,http://dbpedia.org/resource/Raga,raga,2612,36,0.9999999999999858,1.5342561767178808e-14,'Dheemta Dheemta Derena' (tarana in raga Megh),0,59,== Discography == | === Movies ===
http://dbpedia.org/class/yago/WikicatModes,http://dbpedia.org/resource/Raga,raga,2612,36,0.9999999999999858,1.5342561767178808e-14,'Dheemta Dheemta Derena' (tarana in raga Megh),0,59,== Discography == | === Movies ===
http://dbpedia.org/class/yago/WikicatMusicGenres,http://dbpedia.org/resource/Raga,raga,2612,36,0.9999999999999858,1.5342561767178808e-14,'Dheemta Dheemta Derena' (tarana in raga Megh),0,59,== Discography == | === Movies ===
http://dbpedia.org/class/yago/WikicatMusicalScales,http://dbpedia.org/resource/Raga,raga,2612,36,0.9999999999999858,1.5342561767178808e-14,'Dheemta Dheemta Derena' (tarana in raga Megh),0,59,== Discography == | === Movies ===
http://dbpedia.org/class/yago/Abstraction100002137,http://dbpedia.org/resource/Raga,raga,2612,36,0.9999999999999858,1.5342561767178808e-14,'Dheemta Dheemta Derena' (tarana in raga Megh),0,59,== Discography == | === Movies ===
http://dbpedia.org/class/yago/Attribute100024264,http://dbpedia.org/resource/Raga,raga,2612,36,0.9999999999999858,1.5342561767178808e-14,'Dheemta Dheemta Derena' (tarana in raga Megh),0,59,== Discography == | === Movies ===
http://dbpedia.org/class/yago/AuditoryCommunication107109019,http://dbpedia.org/resource/Raga,raga,2612,36,0.9999999999999858,1.5342561767178808e-14,'Dheemta Dheemta Derena' (tarana in raga Megh),0,59,== Discography == | === Movies ===
http://dbpedia.org/class/yago/Communication100033020,http://dbpedia.org/resource/Raga,raga,2612,36,0.9999999999999858,1.5342561767178808e-14,'Dheemta Dheemta Derena' (tarana in raga Megh),0,59,== Discography == | === Movies ===
http://dbpedia.org/class/yago/ExpressiveStyle107066659,http://dbpedia.org/resource/Raga,raga,2612,36,0.9999999999999858,1.5342561767178808e-14,'Dheemta Dheemta Derena' (tarana in raga Megh),0,59,== Discography == | === Movies ===
http://dbpedia.org/class/yago/Manner104928903,http://dbpedia.org/resource/Raga,raga,2612,36,0.9999999999999858,1.5342561767178808e-14,'Dheemta Dheemta Derena' (tarana in raga Megh),0,59,== Discography == | === Movies ===
http://dbpedia.org/class/yago/Music107020895,http://dbpedia.org/resource/Raga,raga,2612,36,0.9999999999999858,1.5342561767178808e-14,'Dheemta Dheemta Derena' (tarana in raga Megh),0,59,== Discography == | === Movies ===
http://dbpedia.org/class/yago/MusicGenre107071942,http://dbpedia.org/resource/Raga,raga,2612,36,0.9999999999999858,1.5342561767178808e-14,'Dheemta Dheemta Derena' (tarana in raga Megh),0,59,== Discography == | === Movies ===
http://dbpedia.org/class/yago/MusicalNotation106814870,http://dbpedia.org/resource/Raga,raga,2612,36,0.9999999999999858,1.5342561767178808e-14,'Dheemta Dheemta Derena' (tarana in raga Megh),0,59,== Discography == | === Movies ===
http://dbpedia.org/class/yago/Notation106808493,http://dbpedia.org/resource/Raga,raga,2612,36,0.9999999999999858,1.5342561767178808e-14,'Dheemta Dheemta Derena' (tarana in raga Megh),0,59,== Discography == | === Movies ===
http://dbpedia.org/class/yago/Property104916342,http://dbpedia.org/resource/Raga,raga,2612,36,0.9999999999999858,1.5342561767178808e-14,'Dheemta Dheemta Derena' (tarana in raga Megh),0,59,== Discography == | === Movies ===
http://dbpedia.org/class/yago/Scale106856568,http://dbpedia.org/resource/Raga,raga,2612,36,0.9999999999999858,1.5342561767178808e-14,'Dheemta Dheemta Derena' (tarana in raga Megh),0,59,== Discography == | === Movies ===
http://www.w3.org/2002/07/owl#Thing,http://dbpedia.org/resource/Music_director,Music director,2135,9,1.0,0.0,Shabaab (Music director: Naushad),0,60,== Discography == | === Movies ===
http://dbpedia.org/ontology/PersonFunction,http://dbpedia.org/resource/Music_director,Music director,2135,9,1.0,0.0,Shabaab (Music director: Naushad),0,60,== Discography == | === Movies ===
http://www.w3.org/2002/07/owl#Thing,http://dbpedia.org/resource/Raga,raga,2612,30,0.9999999998857448,1.1340087367031523e-10,'Daya Kar He Giridhar Gopal' (raga Multani),0,61,== Discography == | === Movies ===
http://dbpedia.org/ontology/PublicTransitSystem,http://dbpedia.org/resource/Raga,raga,2612,30,0.9999999998857448,1.1340087367031523e-10,'Daya Kar He Giridhar Gopal' (raga Multani),0,61,== Discography == | === Movies ===
http://dbpedia.org/ontology/MusicGenre,http://dbpedia.org/resource/Raga,raga,2612,30,0.9999999998857448,1.1340087367031523e-10,'Daya Kar He Giridhar Gopal' (raga Multani),0,61,== Discography == | === Movies ===
http://dbpedia.org/class/yago/Writing106359877,http://dbpedia.org/resource/Raga,raga,2612,30,0.9999999998857448,1.1340087367031523e-10,'Daya Kar He Giridhar Gopal' (raga Multani),0,61,== Discography == | === Movies ===
http://dbpedia.org/class/yago/WrittenCommunication106349220,http://dbpedia.org/resource/Raga,raga,2612,30,0.9999999998857448,1.1340087367031523e-10,'Daya Kar He Giridhar Gopal' (raga Multani),0,61,== Discography == | === Movies ===
http://dbpedia.org/class/yago/WikicatModes,http://dbpedia.org/resource/Raga,raga,2612,30,0.9999999998857448,1.1340087367031523e-10,'Daya Kar He Giridhar Gopal' (raga Multani),0,61,== Discography == | === Movies ===
http://dbpedia.org/class/yago/WikicatMusicGenres,http://dbpedia.org/resource/Raga,raga,2612,30,0.9999999998857448,1.1340087367031523e-10,'Daya Kar He Giridhar Gopal' (raga Multani),0,61,== Discography == | === Movies ===
http://dbpedia.org/class/yago/WikicatMusicalScales,http://dbpedia.org/resource/Raga,raga,2612,30,0.9999999998857448,1.1340087367031523e-10,'Daya Kar He Giridhar Gopal' (raga Multani),0,61,== Discography == | === Movies ===
http://dbpedia.org/class/yago/Abstraction100002137,http://dbpedia.org/resource/Raga,raga,2612,30,0.9999999998857448,1.1340087367031523e-10,'Daya Kar He Giridhar Gopal' (raga Multani),0,61,== Discography == | === Movies ===
http://dbpedia.org/class/yago/Attribute100024264,http://dbpedia.org/resource/Raga,raga,2612,30,0.9999999998857448,1.1340087367031523e-10,'Daya Kar He Giridhar Gopal' (raga Multani),0,61,== Discography == | === Movies ===
http://dbpedia.org/class/yago/AuditoryCommunication107109019,http://dbpedia.org/resource/Raga,raga,2612,30,0.9999999998857448,1.1340087367031523e-10,'Daya Kar He Giridhar Gopal' (raga Multani),0,61,== Discography == | === Movies ===
http://dbpedia.org/class/yago/Communication100033020,http://dbpedia.org/resource/Raga,raga,2612,30,0.9999999998857448,1.1340087367031523e-10,'Daya Kar He Giridhar Gopal' (raga Multani),0,61,== Discography == | === Movies ===
http://dbpedia.org/class/yago/ExpressiveStyle107066659,http://dbpedia.org/resource/Raga,raga,2612,30,0.9999999998857448,1.1340087367031523e-10,'Daya Kar He Giridhar Gopal' (raga Multani),0,61,== Discography == | === Movies ===
http://dbpedia.org/class/yago/Manner104928903,http://dbpedia.org/resource/Raga,raga,2612,30,0.9999999998857448,1.1340087367031523e-10,'Daya Kar He Giridhar Gopal' (raga Multani),0,61,== Discography == | === Movies ===
http://dbpedia.org/class/yago/Music107020895,http://dbpedia.org/resource/Raga,raga,2612,30,0.9999999998857448,1.1340087367031523e-10,'Daya Kar He Giridhar Gopal' (raga Multani),0,61,== Discography == | === Movies ===
http://dbpedia.org/class/yago/MusicGenre107071942,http://dbpedia.org/resource/Raga,raga,2612,30,0.9999999998857448,1.1340087367031523e-10,'Daya Kar He Giridhar Gopal' (raga Multani),0,61,== Discography == | === Movies ===
http://dbpedia.org/class/yago/MusicalNotation106814870,http://dbpedia.org/resource/Raga,raga,2612,30,0.9999999998857448,1.1340087367031523e-10,'Daya Kar He Giridhar Gopal' (raga Multani),0,61,== Discography == | === Movies ===
http://dbpedia.org/class/yago/Notation106808493,http://dbpedia.org/resource/Raga,raga,2612,30,0.9999999998857448,1.1340087367031523e-10,'Daya Kar He Giridhar Gopal' (raga Multani),0,61,== Discography == | === Movies ===
http://dbpedia.org/class/yago/Property104916342,http://dbpedia.org/resource/Raga,raga,2612,30,0.9999999998857448,1.1340087367031523e-10,'Daya Kar He Giridhar Gopal' (raga Multani),0,61,== Discography == | === Movies ===
http://dbpedia.org/class/yago/Scale106856568,http://dbpedia.org/resource/Raga,raga,2612,30,0.9999999998857448,1.1340087367031523e-10,'Daya Kar He Giridhar Gopal' (raga Multani),0,61,== Discography == | === Movies ===
http://www.w3.org/2002/07/owl#Thing,http://dbpedia.org/resource/Music_director,Music director,2135,26,1.0,0.0,Jhanak Jhanak Payal Baje (Music director: Vasant Desai),0,62,== Discography == | === Movies ===
http://dbpedia.org/ontology/PersonFunction,http://dbpedia.org/resource/Music_director,Music director,2135,26,1.0,0.0,Jhanak Jhanak Payal Baje (Music director: Vasant Desai),0,62,== Discography == | === Movies ===
http://www.w3.org/2002/07/owl#Thing,http://dbpedia.org/resource/Raga,raga,2612,39,0.9999999816267436,1.835410421523024e-08,Title song 'Jhanak Jhanak Payal Baje' (raga Adana),0,63,== Discography == | === Movies ===
http://dbpedia.org/ontology/PublicTransitSystem,http://dbpedia.org/resource/Raga,raga,2612,39,0.9999999816267436,1.835410421523024e-08,Title song 'Jhanak Jhanak Payal Baje' (raga Adana),0,63,== Discography == | === Movies ===
http://dbpedia.org/ontology/MusicGenre,http://dbpedia.org/resource/Raga,raga,2612,39,0.9999999816267436,1.835410421523024e-08,Title song 'Jhanak Jhanak Payal Baje' (raga Adana),0,63,== Discography == | === Movies ===
http://dbpedia.org/class/yago/Writing106359877,http://dbpedia.org/resource/Raga,raga,2612,39,0.9999999816267436,1.835410421523024e-08,Title song 'Jhanak Jhanak Payal Baje' (raga Adana),0,63,== Discography == | === Movies ===
http://dbpedia.org/class/yago/WrittenCommunication106349220,http://dbpedia.org/resource/Raga,raga,2612,39,0.9999999816267436,1.835410421523024e-08,Title song 'Jhanak Jhanak Payal Baje' (raga Adana),0,63,== Discography == | === Movies ===
http://dbpedia.org/class/yago/WikicatModes,http://dbpedia.org/resource/Raga,raga,2612,39,0.9999999816267436,1.835410421523024e-08,Title song 'Jhanak Jhanak Payal Baje' (raga Adana),0,63,== Discography == | === Movies ===
http://dbpedia.org/class/yago/WikicatMusicGenres,http://dbpedia.org/resource/Raga,raga,2612,39,0.9999999816267436,1.835410421523024e-08,Title song 'Jhanak Jhanak Payal Baje' (raga Adana),0,63,== Discography == | === Movies ===
http://dbpedia.org/class/yago/WikicatMusicalScales,http://dbpedia.org/resource/Raga,raga,2612,39,0.9999999816267436,1.835410421523024e-08,Title song 'Jhanak Jhanak Payal Baje' (raga Adana),0,63,== Discography == | === Movies ===
http://dbpedia.org/class/yago/Abstraction100002137,http://dbpedia.org/resource/Raga,raga,2612,39,0.9999999816267436,1.835410421523024e-08,Title song 'Jhanak Jhanak Payal Baje' (raga Adana),0,63,== Discography == | === Movies ===
http://dbpedia.org/class/yago/Attribute100024264,http://dbpedia.org/resource/Raga,raga,2612,39,0.9999999816267436,1.835410421523024e-08,Title song 'Jhanak Jhanak Payal Baje' (raga Adana),0,63,== Discography == | === Movies ===
http://dbpedia.org/class/yago/AuditoryCommunication107109019,http://dbpedia.org/resource/Raga,raga,2612,39,0.9999999816267436,1.835410421523024e-08,Title song 'Jhanak Jhanak Payal Baje' (raga Adana),0,63,== Discography == | === Movies ===
http://dbpedia.org/class/yago/Communication100033020,http://dbpedia.org/resource/Raga,raga,2612,39,0.9999999816267436,1.835410421523024e-08,Title song 'Jhanak Jhanak Payal Baje' (raga Adana),0,63,== Discography == | === Movies ===
http://dbpedia.org/class/yago/ExpressiveStyle107066659,http://dbpedia.org/resource/Raga,raga,2612,39,0.9999999816267436,1.835410421523024e-08,Title song 'Jhanak Jhanak Payal Baje' (raga Adana),0,63,== Discography == | === Movies ===
http://dbpedia.org/class/yago/Manner104928903,http://dbpedia.org/resource/Raga,raga,2612,39,0.9999999816267436,1.835410421523024e-08,Title song 'Jhanak Jhanak Payal Baje' (raga Adana),0,63,== Discography == | === Movies ===
http://dbpedia.org/class/yago/Music107020895,http://dbpedia.org/resource/Raga,raga,2612,39,0.9999999816267436,1.835410421523024e-08,Title song 'Jhanak Jhanak Payal Baje' (raga Adana),0,63,== Discography == | === Movies ===
http://dbpedia.org/class/yago/MusicGenre107071942,http://dbpedia.org/resource/Raga,raga,2612,39,0.9999999816267436,1.835410421523024e-08,Title song 'Jhanak Jhanak Payal Baje' (raga Adana),0,63,== Discography == | === Movies ===
http://dbpedia.org/class/yago/MusicalNotation106814870,http://dbpedia.org/resource/Raga,raga,2612,39,0.9999999816267436,1.835410421523024e-08,Title song 'Jhanak Jhanak Payal Baje' (raga Adana),0,63,== Discography == | === Movies ===
http://dbpedia.org/class/yago/Notation106808493,http://dbpedia.org/resource/Raga,raga,2612,39,0.9999999816267436,1.835410421523024e-08,Title song 'Jhanak Jhanak Payal Baje' (raga Adana),0,63,== Discography == | === Movies ===
http://dbpedia.org/class/yago/Property104916342,http://dbpedia.org/resource/Raga,raga,2612,39,0.9999999816267436,1.835410421523024e-08,Title song 'Jhanak Jhanak Payal Baje' (raga Adana),0,63,== Discography == | === Movies ===
http://dbpedia.org/class/yago/Scale106856568,http://dbpedia.org/resource/Raga,raga,2612,39,0.9999999816267436,1.835410421523024e-08,Title song 'Jhanak Jhanak Payal Baje' (raga Adana),0,63,== Discography == | === Movies ===
http://dbpedia.org/class/yago/WikicatArtifactsInTheCollectionOfTheSmithsonianInstitution,http://dbpedia.org/resource/Ragamala_paintings,ragamala,23,20,0.9217335801858296,0.0849103522745945,Goonj Uthi Shehnai (ragamala with Bismillah Khan),0,64,== Discography == | === Movies ===
http://dbpedia.org/ontology/TelevisionShow,http://dbpedia.org/resource/Ragamala_paintings,ragamala,23,20,0.9217335801858296,0.0849103522745945,Goonj Uthi Shehnai (ragamala with Bismillah Khan),0,64,== Discography == | === Movies ===
http://dbpedia.org/class/yago/WikicatRagamalaPaintings,http://dbpedia.org/resource/Ragamala_paintings,ragamala,23,20,0.9217335801858296,0.0849103522745945,Goonj Uthi Shehnai (ragamala with Bismillah Khan),0,64,== Discography == | === Movies ===
http://dbpedia.org/class/yago/Art102743547,http://dbpedia.org/resource/Ragamala_paintings,ragamala,23,20,0.9217335801858296,0.0849103522745945,Goonj Uthi Shehnai (ragamala with Bismillah Khan),0,64,== Discography == | === Movies ===
http://dbpedia.org/class/yago/Artifact100021939,http://dbpedia.org/resource/Ragamala_paintings,ragamala,23,20,0.9217335801858296,0.0849103522745945,Goonj Uthi Shehnai (ragamala with Bismillah Khan),0,64,== Discography == | === Movies ===
http://dbpedia.org/class/yago/Creation103129123,http://dbpedia.org/resource/Ragamala_paintings,ragamala,23,20,0.9217335801858296,0.0849103522745945,Goonj Uthi Shehnai (ragamala with Bismillah Khan),0,64,== Discography == | === Movies ===
http://dbpedia.org/class/yago/GraphicArt103453809,http://dbpedia.org/resource/Ragamala_paintings,ragamala,23,20,0.9217335801858296,0.0849103522745945,Goonj Uthi Shehnai (ragamala with Bismillah Khan),0,64,== Discography == | === Movies ===
http://dbpedia.org/class/yago/Object100002684,http://dbpedia.org/resource/Ragamala_paintings,ragamala,23,20,0.9217335801858296,0.0849103522745945,Goonj Uthi Shehnai (ragamala with Bismillah Khan),0,64,== Discography == | === Movies ===
http://dbpedia.org/class/yago/Painting103876519,http://dbpedia.org/resource/Ragamala_paintings,ragamala,23,20,0.9217335801858296,0.0849103522745945,Goonj Uthi Shehnai (ragamala with Bismillah Khan),0,64,== Discography == | === Movies ===
http://dbpedia.org/class/yago/PhysicalEntity100001930,http://dbpedia.org/resource/Ragamala_paintings,ragamala,23,20,0.9217335801858296,0.0849103522745945,Goonj Uthi Shehnai (ragamala with Bismillah Khan),0,64,== Discography == | === Movies ===
http://dbpedia.org/class/yago/Whole100003553,http://dbpedia.org/resource/Ragamala_paintings,ragamala,23,20,0.9217335801858296,0.0849103522745945,Goonj Uthi Shehnai (ragamala with Bismillah Khan),0,64,== Discography == | === Movies ===
http://dbpedia.org/ontology/MusicGenre,http://dbpedia.org/resource/Bhatiyar,Bhatiyar,10,0,0.910129201165308,0.0,Bhatiyar,0,65,== Discography == | === Movies ===
http://dbpedia.org/ontology/MusicGenre,http://dbpedia.org/resource/Ramkali,Ramkali,29,0,0.9999999472531884,0.0,Ramkali,0,66,== Discography == | === Movies ===
http://dbpedia.org/ontology/MusicGenre,http://dbpedia.org/resource/Desi,Desi,374,0,0.9367670109130424,0.0399636773734702,Desi,0,67,== Discography == | === Movies ===
http://dbpedia.org/class/yago/Abstraction100002137,http://dbpedia.org/resource/Desi,Desi,374,0,0.9367670109130424,0.0399636773734702,Desi,0,67,== Discography == | === Movies ===
http://dbpedia.org/class/yago/EthnicGroup107967382,http://dbpedia.org/resource/Desi,Desi,374,0,0.9367670109130424,0.0399636773734702,Desi,0,67,== Discography == | === Movies ===
http://dbpedia.org/class/yago/Group100031264,http://dbpedia.org/resource/Desi,Desi,374,0,0.9367670109130424,0.0399636773734702,Desi,0,67,== Discography == | === Movies ===
http://dbpedia.org/class/yago/WikicatEthnicGroupsInAsia,http://dbpedia.org/resource/Desi,Desi,374,0,0.9367670109130424,0.0399636773734702,Desi,0,67,== Discography == | === Movies ===
http://dbpedia.org/class/yago/WikicatEthnicGroupsInIndia,http://dbpedia.org/resource/Desi,Desi,374,0,0.9367670109130424,0.0399636773734702,Desi,0,67,== Discography == | === Movies ===
http://dbpedia.org/class/yago/WikicatEthnicGroupsInOceania,http://dbpedia.org/resource/Desi,Desi,374,0,0.9367670109130424,0.0399636773734702,Desi,0,67,== Discography == | === Movies ===
http://dbpedia.org/class/yago/WikicatEthnicGroupsInPakistan,http://dbpedia.org/resource/Desi,Desi,374,0,0.9367670109130424,0.0399636773734702,Desi,0,67,== Discography == | === Movies ===
http://dbpedia.org/ontology/MusicGenre,http://dbpedia.org/resource/Brindabani_Sarang,Sarang,65,7,0.9655817755264934,0.0356445103318175,Shuddh Sarang,0,68,== Discography == | === Movies ===
http://www.w3.org/2002/07/owl#Thing,http://dbpedia.org/resource/Yaman_(raga),Yaman,31,0,0.6407550352090762,0.4064516129032253,Yaman,0,70,== Discography == | === Movies ===
http://dbpedia.org/ontology/MusicGenre,http://dbpedia.org/resource/Yaman_(raga),Yaman,31,0,0.6407550352090762,0.4064516129032253,Yaman,0,70,== Discography == | === Movies ===
http://dbpedia.org/ontology/MusicGenre,http://dbpedia.org/resource/Bageshri,Bageshree,46,0,0.9999999814596344,0.0,Bageshree,0,71,== Discography == | === Movies ===
http://www.w3.org/2002/07/owl#Thing,http://dbpedia.org/resource/Raga,Ragini,2612,0,0.7148100669011875,0.22005445890557,Ragini,0,73,== Discography == | === Movies ===
http://dbpedia.org/ontology/PublicTransitSystem,http://dbpedia.org/resource/Raga,Ragini,2612,0,0.7148100669011875,0.22005445890557,Ragini,0,73,== Discography == | === Movies ===
http://dbpedia.org/ontology/MusicGenre,http://dbpedia.org/resource/Raga,Ragini,2612,0,0.7148100669011875,0.22005445890557,Ragini,0,73,== Discography == | === Movies ===
http://dbpedia.org/class/yago/Writing106359877,http://dbpedia.org/resource/Raga,Ragini,2612,0,0.7148100669011875,0.22005445890557,Ragini,0,73,== Discography == | === Movies ===
http://dbpedia.org/class/yago/WrittenCommunication106349220,http://dbpedia.org/resource/Raga,Ragini,2612,0,0.7148100669011875,0.22005445890557,Ragini,0,73,== Discography == | === Movies ===
http://dbpedia.org/class/yago/WikicatModes,http://dbpedia.org/resource/Raga,Ragini,2612,0,0.7148100669011875,0.22005445890557,Ragini,0,73,== Discography == | === Movies ===
http://dbpedia.org/class/yago/WikicatMusicGenres,http://dbpedia.org/resource/Raga,Ragini,2612,0,0.7148100669011875,0.22005445890557,Ragini,0,73,== Discography == | === Movies ===
http://dbpedia.org/class/yago/WikicatMusicalScales,http://dbpedia.org/resource/Raga,Ragini,2612,0,0.7148100669011875,0.22005445890557,Ragini,0,73,== Discography == | === Movies ===
http://dbpedia.org/class/yago/Abstraction100002137,http://dbpedia.org/resource/Raga,Ragini,2612,0,0.7148100669011875,0.22005445890557,Ragini,0,73,== Discography == | === Movies ===
http://dbpedia.org/class/yago/Attribute100024264,http://dbpedia.org/resource/Raga,Ragini,2612,0,0.7148100669011875,0.22005445890557,Ragini,0,73,== Discography == | === Movies ===
http://dbpedia.org/class/yago/AuditoryCommunication107109019,http://dbpedia.org/resource/Raga,Ragini,2612,0,0.7148100669011875,0.22005445890557,Ragini,0,73,== Discography == | === Movies ===
http://dbpedia.org/class/yago/Communication100033020,http://dbpedia.org/resource/Raga,Ragini,2612,0,0.7148100669011875,0.22005445890557,Ragini,0,73,== Discography == | === Movies ===
http://dbpedia.org/class/yago/ExpressiveStyle107066659,http://dbpedia.org/resource/Raga,Ragini,2612,0,0.7148100669011875,0.22005445890557,Ragini,0,73,== Discography == | === Movies ===
http://dbpedia.org/class/yago/Manner104928903,http://dbpedia.org/resource/Raga,Ragini,2612,0,0.7148100669011875,0.22005445890557,Ragini,0,73,== Discography == | === Movies ===
http://dbpedia.org/class/yago/Music107020895,http://dbpedia.org/resource/Raga,Ragini,2612,0,0.7148100669011875,0.22005445890557,Ragini,0,73,== Discography == | === Movies ===
http://dbpedia.org/class/yago/MusicGenre107071942,http://dbpedia.org/resource/Raga,Ragini,2612,0,0.7148100669011875,0.22005445890557,Ragini,0,73,== Discography == | === Movies ===
http://dbpedia.org/class/yago/MusicalNotation106814870,http://dbpedia.org/resource/Raga,Ragini,2612,0,0.7148100669011875,0.22005445890557,Ragini,0,73,== Discography == | === Movies ===
http://dbpedia.org/class/yago/Notation106808493,http://dbpedia.org/resource/Raga,Ragini,2612,0,0.7148100669011875,0.22005445890557,Ragini,0,73,== Discography == | === Movies ===
http://dbpedia.org/class/yago/Property104916342,http://dbpedia.org/resource/Raga,Ragini,2612,0,0.7148100669011875,0.22005445890557,Ragini,0,73,== Discography == | === Movies ===
http://dbpedia.org/class/yago/Scale106856568,http://dbpedia.org/resource/Raga,Ragini,2612,0,0.7148100669011875,0.22005445890557,Ragini,0,73,== Discography == | === Movies ===
http://dbpedia.org/ontology/MusicGenre,http://dbpedia.org/resource/Jogiya_(raga),Jogiya,12,1,1.0,0.0,'Jogiya Mere Ghar Aaye' (raga Lalit),0,74,== Discography == | === Movies ===
http://www.w3.org/2002/07/owl#Thing,http://dbpedia.org/resource/Raga,raga,2612,25,0.9999999999980672,1.9131879817896417e-12,'Jogiya Mere Ghar Aaye' (raga Lalit),0,74,== Discography == | === Movies ===
http://dbpedia.org/ontology/PublicTransitSystem,http://dbpedia.org/resource/Raga,raga,2612,25,0.9999999999980672,1.9131879817896417e-12,'Jogiya Mere Ghar Aaye' (raga Lalit),0,74,== Discography == | === Movies ===
http://dbpedia.org/ontology/MusicGenre,http://dbpedia.org/resource/Raga,raga,2612,25,0.9999999999980672,1.9131879817896417e-12,'Jogiya Mere Ghar Aaye' (raga Lalit),0,74,== Discography == | === Movies ===
http://dbpedia.org/class/yago/Writing106359877,http://dbpedia.org/resource/Raga,raga,2612,25,0.9999999999980672,1.9131879817896417e-12,'Jogiya Mere Ghar Aaye' (raga Lalit),0,74,== Discography == | === Movies ===
http://dbpedia.org/class/yago/WrittenCommunication106349220,http://dbpedia.org/resource/Raga,raga,2612,25,0.9999999999980672,1.9131879817896417e-12,'Jogiya Mere Ghar Aaye' (raga Lalit),0,74,== Discography == | === Movies ===
http://dbpedia.org/class/yago/WikicatModes,http://dbpedia.org/resource/Raga,raga,2612,25,0.9999999999980672,1.9131879817896417e-12,'Jogiya Mere Ghar Aaye' (raga Lalit),0,74,== Discography == | === Movies ===
http://dbpedia.org/class/yago/WikicatMusicGenres,http://dbpedia.org/resource/Raga,raga,2612,25,0.9999999999980672,1.9131879817896417e-12,'Jogiya Mere Ghar Aaye' (raga Lalit),0,74,== Discography == | === Movies ===
http://dbpedia.org/class/yago/WikicatMusicalScales,http://dbpedia.org/resource/Raga,raga,2612,25,0.9999999999980672,1.9131879817896417e-12,'Jogiya Mere Ghar Aaye' (raga Lalit),0,74,== Discography == | === Movies ===
http://dbpedia.org/class/yago/Abstraction100002137,http://dbpedia.org/resource/Raga,raga,2612,25,0.9999999999980672,1.9131879817896417e-12,'Jogiya Mere Ghar Aaye' (raga Lalit),0,74,== Discography == | === Movies ===
http://dbpedia.org/class/yago/Attribute100024264,http://dbpedia.org/resource/Raga,raga,2612,25,0.9999999999980672,1.9131879817896417e-12,'Jogiya Mere Ghar Aaye' (raga Lalit),0,74,== Discography == | === Movies ===
http://dbpedia.org/class/yago/AuditoryCommunication107109019,http://dbpedia.org/resource/Raga,raga,2612,25,0.9999999999980672,1.9131879817896417e-12,'Jogiya Mere Ghar Aaye' (raga Lalit),0,74,== Discography == | === Movies ===
http://dbpedia.org/class/yago/Communication100033020,http://dbpedia.org/resource/Raga,raga,2612,25,0.9999999999980672,1.9131879817896417e-12,'Jogiya Mere Ghar Aaye' (raga Lalit),0,74,== Discography == | === Movies ===
http://dbpedia.org/class/yago/ExpressiveStyle107066659,http://dbpedia.org/resource/Raga,raga,2612,25,0.9999999999980672,1.9131879817896417e-12,'Jogiya Mere Ghar Aaye' (raga Lalit),0,74,== Discography == | === Movies ===
http://dbpedia.org/class/yago/Manner104928903,http://dbpedia.org/resource/Raga,raga,2612,25,0.9999999999980672,1.9131879817896417e-12,'Jogiya Mere Ghar Aaye' (raga Lalit),0,74,== Discography == | === Movies ===
http://dbpedia.org/class/yago/Music107020895,http://dbpedia.org/resource/Raga,raga,2612,25,0.9999999999980672,1.9131879817896417e-12,'Jogiya Mere Ghar Aaye' (raga Lalit),0,74,== Discography == | === Movies ===
http://dbpedia.org/class/yago/MusicGenre107071942,http://dbpedia.org/resource/Raga,raga,2612,25,0.9999999999980672,1.9131879817896417e-12,'Jogiya Mere Ghar Aaye' (raga Lalit),0,74,== Discography == | === Movies ===
http://dbpedia.org/class/yago/MusicalNotation106814870,http://dbpedia.org/resource/Raga,raga,2612,25,0.9999999999980672,1.9131879817896417e-12,'Jogiya Mere Ghar Aaye' (raga Lalit),0,74,== Discography == | === Movies ===
http://dbpedia.org/class/yago/Notation106808493,http://dbpedia.org/resource/Raga,raga,2612,25,0.9999999999980672,1.9131879817896417e-12,'Jogiya Mere Ghar Aaye' (raga Lalit),0,74,== Discography == | === Movies ===
http://dbpedia.org/class/yago/Property104916342,http://dbpedia.org/resource/Raga,raga,2612,25,0.9999999999980672,1.9131879817896417e-12,'Jogiya Mere Ghar Aaye' (raga Lalit),0,74,== Discography == | === Movies ===
http://dbpedia.org/class/yago/Scale106856568,http://dbpedia.org/resource/Raga,raga,2612,25,0.9999999999980672,1.9131879817896417e-12,'Jogiya Mere Ghar Aaye' (raga Lalit),0,74,== Discography == | === Movies ===
http://www.w3.org/2002/07/owl#Thing,http://dbpedia.org/resource/Phonograph_record,78 rpm,10559,0,1.0,0.0,78 rpm recordings ===,1,75,== Discography == | === 78 rpm recordings ===
http://dbpedia.org/ontology/MusicGenre,http://dbpedia.org/resource/Kafi,Kafi,89,0,0.9999983380492904,1.287300007687115e-06,Kafi,0,78,== Discography == | === 78 rpm recordings ===
http://dbpedia.org/class/yago/Abstraction100002137,http://dbpedia.org/resource/Kafi,Kafi,89,0,0.9999983380492904,1.287300007687115e-06,Kafi,0,78,== Discography == | === 78 rpm recordings ===
http://dbpedia.org/class/yago/Attribute100024264,http://dbpedia.org/resource/Kafi,Kafi,89,0,0.9999983380492904,1.287300007687115e-06,Kafi,0,78,== Discography == | === 78 rpm recordings ===
http://dbpedia.org/class/yago/Manner104928903,http://dbpedia.org/resource/Kafi,Kafi,89,0,0.9999983380492904,1.287300007687115e-06,Kafi,0,78,== Discography == | === 78 rpm recordings ===
http://dbpedia.org/class/yago/Property104916342,http://dbpedia.org/resource/Kafi,Kafi,89,0,0.9999983380492904,1.287300007687115e-06,Kafi,0,78,== Discography == | === 78 rpm recordings ===
http://dbpedia.org/class/yago/WikicatPakistaniStylesOfMusic,http://dbpedia.org/resource/Kafi,Kafi,89,0,0.9999983380492904,1.287300007687115e-06,Kafi,0,78,== Discography == | === 78 rpm recordings ===
http://www.w3.org/2002/07/owl#Thing,http://dbpedia.org/resource/Patdeep,Patdeep,7,0,0.9999999509082732,0.0,Patdeep,0,80,== Discography == | === 78 rpm recordings ===
http://dbpedia.org/ontology/MusicGenre,http://dbpedia.org/resource/Patdeep,Patdeep,7,0,0.9999999509082732,0.0,Patdeep,0,80,== Discography == | === 78 rpm recordings ===
http://dbpedia.org/ontology/MusicGenre,http://dbpedia.org/resource/Puriya,Puriya,11,0,0.9999999714468406,0.0,Puriya Kalyan,0,81,== Discography == | === 78 rpm recordings ===
http://dbpedia.org/ontology/MusicGenre,http://dbpedia.org/resource/Abhogi,Abhogi,39,0,0.9999999667923096,0.0,Abhogi - three versions,0,86,== Discography == | === Public and private recordings ===
http://www.w3.org/2002/07/owl#Thing,http://dbpedia.org/resource/Ahir_Bhairav,Ahir Bhairav,26,0,0.9999999999732124,2.6794185439151765e-11,Ahir Bhairav - three versions,0,88,== Discography == | === Public and private recordings ===
http://dbpedia.org/ontology/MusicGenre,http://dbpedia.org/resource/Ahir_Bhairav,Ahir Bhairav,26,0,0.9999999999732124,2.6794185439151765e-11,Ahir Bhairav - three versions,0,88,== Discography == | === Public and private recordings ===
http://dbpedia.org/ontology/MusicGenre,http://dbpedia.org/resource/Bageshri,Bageshree,46,0,0.999999981459638,0.0,Bageshree - six versions,0,90,== Discography == | === Public and private recordings ===
http://dbpedia.org/ontology/MusicGenre,http://dbpedia.org/resource/Bageshri,Bageshree,46,0,0.999999981459638,0.0,Bageshree Kanada - five versions,0,91,== Discography == | === Public and private recordings ===
http://dbpedia.org/ontology/MusicGenre,http://dbpedia.org/resource/Bairagi,Bairagi,11,0,0.9999892196311752,1.005969038557257e-05,Bairagi - two versions,0,93,== Discography == | === Public and private recordings ===
http://dbpedia.org/ontology/MusicGenre,http://dbpedia.org/resource/Bhatiyar,Bhatiyar,10,0,0.9101292011653144,0.0,Bhatiyar - four versions,0,96,== Discography == | === Public and private recordings ===
http://dbpedia.org/ontology/MusicGenre,http://dbpedia.org/resource/Bhimpalasi,Bhimpalasi,36,0,0.9999999835734528,0.0,Bhimpalasi - two versions,0,97,== Discography == | === Public and private recordings ===
http://dbpedia.org/ontology/MusicGenre,http://dbpedia.org/resource/Bihag,Bihag,37,0,0.9999999054980764,5.577633880073743e-08,Bihag - three versions,0,98,== Discography == | === Public and private recordings ===
http://dbpedia.org/ontology/MusicGenre,http://dbpedia.org/resource/Bilaskhani_Todi,Bilaskhani Todi,12,0,1.0,0.0,Bilaskhani Todi - two versions,0,99,== Discography == | === Public and private recordings ===
http://www.w3.org/2002/07/owl#Thing,http://dbpedia.org/resource/Darbari_Kanada,Darbari,65,0,0.9999999620624116,0.0,Darbari - ten versions,0,105,== Discography == | === Public and private recordings ===
http://dbpedia.org/ontology/MusicGenre,http://dbpedia.org/resource/Darbari_Kanada,Darbari,65,0,0.9999999620624116,0.0,Darbari - ten versions,0,105,== Discography == | === Public and private recordings ===
http://dbpedia.org/class/yago/Abstraction100002137,http://dbpedia.org/resource/Darbari_Kanada,Darbari,65,0,0.9999999620624116,0.0,Darbari - ten versions,0,105,== Discography == | === Public and private recordings ===
http://dbpedia.org/class/yago/AuditoryCommunication107109019,http://dbpedia.org/resource/Darbari_Kanada,Darbari,65,0,0.9999999620624116,0.0,Darbari - ten versions,0,105,== Discography == | === Public and private recordings ===
http://dbpedia.org/class/yago/ClassicalMusic107025900,http://dbpedia.org/resource/Darbari_Kanada,Darbari,65,0,0.9999999620624116,0.0,Darbari - ten versions,0,105,== Discography == | === Public and private recordings ===
http://dbpedia.org/class/yago/Communication100033020,http://dbpedia.org/resource/Darbari_Kanada,Darbari,65,0,0.9999999620624116,0.0,Darbari - ten versions,0,105,== Discography == | === Public and private recordings ===
http://dbpedia.org/class/yago/ExpressiveStyle107066659,http://dbpedia.org/resource/Darbari_Kanada,Darbari,65,0,0.9999999620624116,0.0,Darbari - ten versions,0,105,== Discography == | === Public and private recordings ===
http://dbpedia.org/class/yago/Music107020895,http://dbpedia.org/resource/Darbari_Kanada,Darbari,65,0,0.9999999620624116,0.0,Darbari - ten versions,0,105,== Discography == | === Public and private recordings ===
http://dbpedia.org/class/yago/MusicGenre107071942,http://dbpedia.org/resource/Darbari_Kanada,Darbari,65,0,0.9999999620624116,0.0,Darbari - ten versions,0,105,== Discography == | === Public and private recordings ===
http://dbpedia.org/ontology/MusicGenre,http://dbpedia.org/resource/Gurjari_(raga),Gujari Todi,3,0,0.9999999780928024,0.0,Gujari Todi - four versions,0,109,== Discography == | === Public and private recordings ===
http://www.w3.org/2002/07/owl#Thing,http://dbpedia.org/resource/Bhairava,Bhairav,802,6,0.9995961089706196,0.0003510511882249838,Hijaz Bhairav (a.k.a.,0,114,== Discography == | === Public and private recordings ===
http://dbpedia.org/class/yago/WikicatAspectsOfShiva,http://dbpedia.org/resource/Bhairava,Bhairav,802,6,0.9995961089706196,0.0003510511882249838,Hijaz Bhairav (a.k.a.,0,114,== Discography == | === Public and private recordings ===
http://dbpedia.org/ontology/Deity,http://dbpedia.org/resource/Bhairava,Bhairav,802,6,0.9995961089706196,0.0003510511882249838,Hijaz Bhairav (a.k.a.,0,114,== Discography == | === Public and private recordings ===
http://www.wikidata.org/entity/Q178885,http://dbpedia.org/resource/Bhairava,Bhairav,802,6,0.9995961089706196,0.0003510511882249838,Hijaz Bhairav (a.k.a.,0,114,== Discography == | === Public and private recordings ===
http://www.ontologydesignpatterns.org/ont/dul/DUL.owl#Agent,http://dbpedia.org/resource/Bhairava,Bhairav,802,6,0.9995961089706196,0.0003510511882249838,Hijaz Bhairav (a.k.a.,0,114,== Discography == | === Public and private recordings ===
http://dbpedia.org/ontology/Agent,http://dbpedia.org/resource/Bhairava,Bhairav,802,6,0.9995961089706196,0.0003510511882249838,Hijaz Bhairav (a.k.a.,0,114,== Discography == | === Public and private recordings ===
http://www.wikidata.org/entity/Q24229398,http://dbpedia.org/resource/Bhairava,Bhairav,802,6,0.9995961089706196,0.0003510511882249838,Hijaz Bhairav (a.k.a.,0,114,== Discography == | === Public and private recordings ===
http://dbpedia.org/class/yago/WikicatHinduDeities,http://dbpedia.org/resource/Bhairava,Bhairav,802,6,0.9995961089706196,0.0003510511882249838,Hijaz Bhairav (a.k.a.,0,114,== Discography == | === Public and private recordings ===
http://dbpedia.org/ontology/ComicsCharacter,http://dbpedia.org/resource/Bhairava,Bhairav,802,6,0.9995961089706196,0.0003510511882249838,Hijaz Bhairav (a.k.a.,0,114,== Discography == | === Public and private recordings ===
http://dbpedia.org/class/yago/Abstraction100002137,http://dbpedia.org/resource/Bhairava,Bhairav,802,6,0.9995961089706196,0.0003510511882249838,Hijaz Bhairav (a.k.a.,0,114,== Discography == | === Public and private recordings ===
http://dbpedia.org/class/yago/Aspect105850624,http://dbpedia.org/resource/Bhairava,Bhairav,802,6,0.9995961089706196,0.0003510511882249838,Hijaz Bhairav (a.k.a.,0,114,== Discography == | === Public and private recordings ===
http://dbpedia.org/class/yago/Belief105941423,http://dbpedia.org/resource/Bhairava,Bhairav,802,6,0.9995961089706196,0.0003510511882249838,Hijaz Bhairav (a.k.a.,0,114,== Discography == | === Public and private recordings ===
http://dbpedia.org/class/yago/Cognition100023271,http://dbpedia.org/resource/Bhairava,Bhairav,802,6,0.9995961089706196,0.0003510511882249838,Hijaz Bhairav (a.k.a.,0,114,== Discography == | === Public and private recordings ===
http://dbpedia.org/class/yago/Concept105835747,http://dbpedia.org/resource/Bhairava,Bhairav,802,6,0.9995961089706196,0.0003510511882249838,Hijaz Bhairav (a.k.a.,0,114,== Discography == | === Public and private recordings ===
http://dbpedia.org/class/yago/Content105809192,http://dbpedia.org/resource/Bhairava,Bhairav,802,6,0.9995961089706196,0.0003510511882249838,Hijaz Bhairav (a.k.a.,0,114,== Discography == | === Public and private recordings ===
http://dbpedia.org/class/yago/Deity109505418,http://dbpedia.org/resource/Bhairava,Bhairav,802,6,0.9995961089706196,0.0003510511882249838,Hijaz Bhairav (a.k.a.,0,114,== Discography == | === Public and private recordings ===
http://dbpedia.org/class/yago/Feature105849789,http://dbpedia.org/resource/Bhairava,Bhairav,802,6,0.9995961089706196,0.0003510511882249838,Hijaz Bhairav (a.k.a.,0,114,== Discography == | === Public and private recordings ===
http://dbpedia.org/class/yago/Idea105833840,http://dbpedia.org/resource/Bhairava,Bhairav,802,6,0.9995961089706196,0.0003510511882249838,Hijaz Bhairav (a.k.a.,0,114,== Discography == | === Public and private recordings ===
http://dbpedia.org/class/yago/Property105849040,http://dbpedia.org/resource/Bhairava,Bhairav,802,6,0.9995961089706196,0.0003510511882249838,Hijaz Bhairav (a.k.a.,0,114,== Discography == | === Public and private recordings ===
http://dbpedia.org/class/yago/PsychologicalFeature100023100,http://dbpedia.org/resource/Bhairava,Bhairav,802,6,0.9995961089706196,0.0003510511882249838,Hijaz Bhairav (a.k.a.,0,114,== Discography == | === Public and private recordings ===
http://dbpedia.org/class/yago/SpiritualBeing109504135,http://dbpedia.org/resource/Bhairava,Bhairav,802,6,0.9995961089706196,0.0003510511882249838,Hijaz Bhairav (a.k.a.,0,114,== Discography == | === Public and private recordings ===
http://dbpedia.org/ontology/MusicGenre,http://dbpedia.org/resource/Hindol,Hindol,28,0,0.9994277694410904,0.0005725580239401643,Hindol Kalyan,0,116,== Discography == | === Public and private recordings ===
http://dbpedia.org/ontology/MusicGenre,http://dbpedia.org/resource/Kafi,Kafi,89,0,0.9999983380492904,1.2873000076871062e-06,Kafi Kanada,0,120,== Discography == | === Public and private recordings ===
http://dbpedia.org/class/yago/Abstraction100002137,http://dbpedia.org/resource/Kafi,Kafi,89,0,0.9999983380492904,1.2873000076871062e-06,Kafi Kanada,0,120,== Discography == | === Public and private recordings ===
http://dbpedia.org/class/yago/Attribute100024264,http://dbpedia.org/resource/Kafi,Kafi,89,0,0.9999983380492904,1.2873000076871062e-06,Kafi Kanada,0,120,== Discography == | === Public and private recordings ===
http://dbpedia.org/class/yago/Manner104928903,http://dbpedia.org/resource/Kafi,Kafi,89,0,0.9999983380492904,1.2873000076871062e-06,Kafi Kanada,0,120,== Discography == | === Public and private recordings ===
http://dbpedia.org/class/yago/Property104916342,http://dbpedia.org/resource/Kafi,Kafi,89,0,0.9999983380492904,1.2873000076871062e-06,Kafi Kanada,0,120,== Discography == | === Public and private recordings ===
http://dbpedia.org/class/yago/WikicatPakistaniStylesOfMusic,http://dbpedia.org/resource/Kafi,Kafi,89,0,0.9999983380492904,1.2873000076871062e-06,Kafi Kanada,0,120,== Discography == | === Public and private recordings ===
http://dbpedia.org/ontology/MusicGenre,http://dbpedia.org/resource/Kalavati,Kalavati,9,0,0.9999998613501074,0.0,Kalavati - six versions,0,121,== Discography == | === Public and private recordings ===
http://dbpedia.org/ontology/MusicGenre,http://dbpedia.org/resource/Malhar,Malhar,121,5,0.9993651673344568,0.0006345828273705857,Miya Malhar,0,131,== Discography == | === Public and private recordings ===
http://www.w3.org/2002/07/owl#Thing,http://dbpedia.org/resource/Svara,Pancham,623,0,0.9999161123711922,8.38945500946537e-05,Pancham Malkauns,0,135,== Discography == | === Public and private recordings ===
http://dbpedia.org/ontology/MusicGenre,http://dbpedia.org/resource/Purvi,Poorvi,14,0,0.999999904584077,0.0,Poorvi,0,136,== Discography == | === Public and private recordings ===
http://dbpedia.org/ontology/MusicGenre,http://dbpedia.org/resource/Puriya,Puriya,11,0,0.9999999714468406,0.0,Puriya - three versions,0,137,== Discography == | === Public and private recordings ===
http://dbpedia.org/ontology/MusicGenre,http://dbpedia.org/resource/Puriya,Puriya,11,0,0.9999999714468406,0.0,Puriya Kalyan,0,138,== Discography == | === Public and private recordings ===
http://dbpedia.org/ontology/MusicGenre,http://dbpedia.org/resource/Rageshree,Rageshree,6,0,0.9999999990454356,0.0,Rageshree - two versions,0,139,== Discography == | === Public and private recordings ===
http://dbpedia.org/ontology/MusicGenre,http://dbpedia.org/resource/Malhar,Malhar,121,8,0.999999998915925,1.082967355027242e-09,Ramdasi Malhar - two versions,0,140,== Discography == | === Public and private recordings ===
http://dbpedia.org/ontology/MusicGenre,http://dbpedia.org/resource/Ramkali,Ramkali,29,0,0.9999999472531884,0.0,Ramkali - two versions,0,141,== Discography == | === Public and private recordings ===
http://www.w3.org/2002/07/owl#Thing,http://dbpedia.org/resource/V._Priya,Priya,17,0,0.6663708813398902,0.3248665931223892,Priya Kalyan or Anarkali),1,142,== Discography == | === Public and private recordings ===
http://dbpedia.org/ontology/Person,http://dbpedia.org/resource/V._Priya,Priya,17,0,0.6663708813398902,0.3248665931223892,Priya Kalyan or Anarkali),1,142,== Discography == | === Public and private recordings ===
http://dbpedia.org/class/yago/WikicatIndianFilmDirectors,http://dbpedia.org/resource/V._Priya,Priya,17,0,0.6663708813398902,0.3248665931223892,Priya Kalyan or Anarkali),1,142,== Discography == | === Public and private recordings ===
http://dbpedia.org/class/yago/WikicatIndianPeople,http://dbpedia.org/resource/V._Priya,Priya,17,0,0.6663708813398902,0.3248665931223892,Priya Kalyan or Anarkali),1,142,== Discography == | === Public and private recordings ===
http://dbpedia.org/class/yago/WikicatIndianWomenFilmDirectors,http://dbpedia.org/resource/V._Priya,Priya,17,0,0.6663708813398902,0.3248665931223892,Priya Kalyan or Anarkali),1,142,== Discography == | === Public and private recordings ===
http://dbpedia.org/class/yago/YagoLegalActor,http://dbpedia.org/resource/V._Priya,Priya,17,0,0.6663708813398902,0.3248665931223892,Priya Kalyan or Anarkali),1,142,== Discography == | === Public and private recordings ===
http://dbpedia.org/class/yago/YagoLegalActorGeo,http://dbpedia.org/resource/V._Priya,Priya,17,0,0.6663708813398902,0.3248665931223892,Priya Kalyan or Anarkali),1,142,== Discography == | === Public and private recordings ===
http://dbpedia.org/class/yago/WikicatLivingPeople,http://dbpedia.org/resource/V._Priya,Priya,17,0,0.6663708813398902,0.3248665931223892,Priya Kalyan or Anarkali),1,142,== Discography == | === Public and private recordings ===
http://dbpedia.org/class/yago/CausalAgent100007347,http://dbpedia.org/resource/V._Priya,Priya,17,0,0.6663708813398902,0.3248665931223892,Priya Kalyan or Anarkali),1,142,== Discography == | === Public and private recordings ===
http://dbpedia.org/class/yago/Creator109614315,http://dbpedia.org/resource/V._Priya,Priya,17,0,0.6663708813398902,0.3248665931223892,Priya Kalyan or Anarkali),1,142,== Discography == | === Public and private recordings ===
http://dbpedia.org/class/yago/FilmDirector110088200,http://dbpedia.org/resource/V._Priya,Priya,17,0,0.6663708813398902,0.3248665931223892,Priya Kalyan or Anarkali),1,142,== Discography == | === Public and private recordings ===
http://dbpedia.org/class/yago/FilmMaker110088390,http://dbpedia.org/resource/V._Priya,Priya,17,0,0.6663708813398902,0.3248665931223892,Priya Kalyan or Anarkali),1,142,== Discography == | === Public and private recordings ===
http://dbpedia.org/class/yago/LivingThing100004258,http://dbpedia.org/resource/V._Priya,Priya,17,0,0.6663708813398902,0.3248665931223892,Priya Kalyan or Anarkali),1,142,== Discography == | === Public and private recordings ===
http://dbpedia.org/class/yago/Object100002684,http://dbpedia.org/resource/V._Priya,Priya,17,0,0.6663708813398902,0.3248665931223892,Priya Kalyan or Anarkali),1,142,== Discography == | === Public and private recordings ===
http://dbpedia.org/class/yago/Organism100004475,http://dbpedia.org/resource/V._Priya,Priya,17,0,0.6663708813398902,0.3248665931223892,Priya Kalyan or Anarkali),1,142,== Discography == | === Public and private recordings ===
http://dbpedia.org/class/yago/Person100007846,http://dbpedia.org/resource/V._Priya,Priya,17,0,0.6663708813398902,0.3248665931223892,Priya Kalyan or Anarkali),1,142,== Discography == | === Public and private recordings ===
http://dbpedia.org/class/yago/PhysicalEntity100001930,http://dbpedia.org/resource/V._Priya,Priya,17,0,0.6663708813398902,0.3248665931223892,Priya Kalyan or Anarkali),1,142,== Discography == | === Public and private recordings ===
http://dbpedia.org/class/yago/Producer110480018,http://dbpedia.org/resource/V._Priya,Priya,17,0,0.6663708813398902,0.3248665931223892,Priya Kalyan or Anarkali),1,142,== Discography == | === Public and private recordings ===
http://dbpedia.org/class/yago/Whole100003553,http://dbpedia.org/resource/V._Priya,Priya,17,0,0.6663708813398902,0.3248665931223892,Priya Kalyan or Anarkali),1,142,== Discography == | === Public and private recordings ===
http://dbpedia.org/class/yago/WikicatTamilFilmDirectors,http://dbpedia.org/resource/V._Priya,Priya,17,0,0.6663708813398902,0.3248665931223892,Priya Kalyan or Anarkali),1,142,== Discography == | === Public and private recordings ===
http://www.w3.org/2002/07/owl#Thing,http://dbpedia.org/resource/Anarkali,Anarkali,267,16,0.991909558405578,0.0081497288019895,Priya Kalyan or Anarkali),1,142,== Discography == | === Public and private recordings ===
http://dbpedia.org/ontology/Person,http://dbpedia.org/resource/Anarkali,Anarkali,267,16,0.991909558405578,0.0081497288019895,Priya Kalyan or Anarkali),1,142,== Discography == | === Public and private recordings ===
http://dbpedia.org/class/yago/WikicatPeopleFromLahore,http://dbpedia.org/resource/Anarkali,Anarkali,267,16,0.991909558405578,0.0081497288019895,Priya Kalyan or Anarkali),1,142,== Discography == | === Public and private recordings ===
http://dbpedia.org/class/yago/WikicatConcubines,http://dbpedia.org/resource/Anarkali,Anarkali,267,16,0.991909558405578,0.0081497288019895,Priya Kalyan or Anarkali),1,142,== Discography == | === Public and private recordings ===
http://dbpedia.org/class/yago/Woman110787470,http://dbpedia.org/resource/Anarkali,Anarkali,267,16,0.991909558405578,0.0081497288019895,Priya Kalyan or Anarkali),1,142,== Discography == | === Public and private recordings ===
http://dbpedia.org/class/yago/YagoLegalActor,http://dbpedia.org/resource/Anarkali,Anarkali,267,16,0.991909558405578,0.0081497288019895,Priya Kalyan or Anarkali),1,142,== Discography == | === Public and private recordings ===
http://dbpedia.org/class/yago/YagoLegalActorGeo,http://dbpedia.org/resource/Anarkali,Anarkali,267,16,0.991909558405578,0.0081497288019895,Priya Kalyan or Anarkali),1,142,== Discography == | === Public and private recordings ===
http://dbpedia.org/class/yago/WikicatMongolianPeople,http://dbpedia.org/resource/Anarkali,Anarkali,267,16,0.991909558405578,0.0081497288019895,Priya Kalyan or Anarkali),1,142,== Discography == | === Public and private recordings ===
http://dbpedia.org/class/yago/WikicatPunjabiPeople,http://dbpedia.org/resource/Anarkali,Anarkali,267,16,0.991909558405578,0.0081497288019895,Priya Kalyan or Anarkali),1,142,== Discography == | === Public and private recordings ===
http://dbpedia.org/class/yago/Adult109605289,http://dbpedia.org/resource/Anarkali,Anarkali,267,16,0.991909558405578,0.0081497288019895,Priya Kalyan or Anarkali),1,142,== Discography == | === Public and private recordings ===
http://dbpedia.org/class/yago/CausalAgent100007347,http://dbpedia.org/resource/Anarkali,Anarkali,267,16,0.991909558405578,0.0081497288019895,Priya Kalyan or Anarkali),1,142,== Discography == | === Public and private recordings ===
http://dbpedia.org/class/yago/Concubine109952393,http://dbpedia.org/resource/Anarkali,Anarkali,267,16,0.991909558405578,0.0081497288019895,Priya Kalyan or Anarkali),1,142,== Discography == | === Public and private recordings ===
http://dbpedia.org/class/yago/DomesticPartner110024362,http://dbpedia.org/resource/Anarkali,Anarkali,267,16,0.991909558405578,0.0081497288019895,Priya Kalyan or Anarkali),1,142,== Discography == | === Public and private recordings ===
http://dbpedia.org/class/yago/Female109619168,http://dbpedia.org/resource/Anarkali,Anarkali,267,16,0.991909558405578,0.0081497288019895,Priya Kalyan or Anarkali),1,142,== Discography == | === Public and private recordings ===
http://dbpedia.org/class/yago/LivingThing100004258,http://dbpedia.org/resource/Anarkali,Anarkali,267,16,0.991909558405578,0.0081497288019895,Priya Kalyan or Anarkali),1,142,== Discography == | === Public and private recordings ===
http://dbpedia.org/class/yago/Lover109622745,http://dbpedia.org/resource/Anarkali,Anarkali,267,16,0.991909558405578,0.0081497288019895,Priya Kalyan or Anarkali),1,142,== Discography == | === Public and private recordings ===
http://dbpedia.org/class/yago/Mistress110323752,http://dbpedia.org/resource/Anarkali,Anarkali,267,16,0.991909558405578,0.0081497288019895,Priya Kalyan or Anarkali),1,142,== Discography == | === Public and private recordings ===
http://dbpedia.org/class/yago/Object100002684,http://dbpedia.org/resource/Anarkali,Anarkali,267,16,0.991909558405578,0.0081497288019895,Priya Kalyan or Anarkali),1,142,== Discography == | === Public and private recordings ===
http://dbpedia.org/class/yago/Organism100004475,http://dbpedia.org/resource/Anarkali,Anarkali,267,16,0.991909558405578,0.0081497288019895,Priya Kalyan or Anarkali),1,142,== Discography == | === Public and private recordings ===
http://dbpedia.org/class/yago/Person100007846,http://dbpedia.org/resource/Anarkali,Anarkali,267,16,0.991909558405578,0.0081497288019895,Priya Kalyan or Anarkali),1,142,== Discography == | === Public and private recordings ===
http://dbpedia.org/class/yago/PhysicalEntity100001930,http://dbpedia.org/resource/Anarkali,Anarkali,267,16,0.991909558405578,0.0081497288019895,Priya Kalyan or Anarkali),1,142,== Discography == | === Public and private recordings ===
http://dbpedia.org/class/yago/Whole100003553,http://dbpedia.org/resource/Anarkali,Anarkali,267,16,0.991909558405578,0.0081497288019895,Priya Kalyan or Anarkali),1,142,== Discography == | === Public and private recordings ===
http://dbpedia.org/ontology/MusicGenre,http://dbpedia.org/resource/Brindabani_Sarang,Sarang,65,7,0.9655817755264934,0.0356445103318178,Shuddh Sarang (with drut section in Suha),0,147,== Discography == | === Public and private recordings ===
http://dbpedia.org/ontology/Settlement,http://dbpedia.org/resource/Drut,drut,17,20,0.9999996265475476,0.0,Shuddh Sarang (with drut section in Suha),0,147,== Discography == | === Public and private recordings ===
http://www.w3.org/2002/07/owl#Thing,http://dbpedia.org/resource/Yaman_(raga),Yaman,31,0,0.6407550352090762,0.4064516129032253,Yaman,0,151,== Discography == | === Public and private recordings ===
http://dbpedia.org/ontology/MusicGenre,http://dbpedia.org/resource/Yaman_(raga),Yaman,31,0,0.6407550352090762,0.4064516129032253,Yaman,0,151,== Discography == | === Public and private recordings ===
http://dbpedia.org/ontology/MusicGenre,http://dbpedia.org/resource/Yaman_Kalyan,Yaman Kalyan,2,0,1.0,0.0,Yaman Kalyan - three versions,0,152,== Discography == | === Public and private recordings ===
http://www.w3.org/2002/07/owl#Thing,http://dbpedia.org/resource/Padma_Bhushan,Padma Bhushan,2215,0,1.0,0.0,Padma Bhushan in 1971,0,156,== Awards and recognitions ==
http://dbpedia.org/class/yago/WikicatAwardsEstablishedIn1954,http://dbpedia.org/resource/Padma_Bhushan,Padma Bhushan,2215,0,1.0,0.0,Padma Bhushan in 1971,0,156,== Awards and recognitions ==
http://www.wikidata.org/entity/Q618779,http://dbpedia.org/resource/Padma_Bhushan,Padma Bhushan,2215,0,1.0,0.0,Padma Bhushan in 1971,0,156,== Awards and recognitions ==
http://dbpedia.org/ontology/Award,http://dbpedia.org/resource/Padma_Bhushan,Padma Bhushan,2215,0,1.0,0.0,Padma Bhushan in 1971,0,156,== Awards and recognitions ==
http://dbpedia.org/class/yago/WikicatCivilAwardsAndDecorationsOfIndia,http://dbpedia.org/resource/Padma_Bhushan,Padma Bhushan,2215,0,1.0,0.0,Padma Bhushan in 1971,0,156,== Awards and recognitions ==
http://dbpedia.org/class/yago/Abstraction100002137,http://dbpedia.org/resource/Padma_Bhushan,Padma Bhushan,2215,0,1.0,0.0,Padma Bhushan in 1971,0,156,== Awards and recognitions ==
http://dbpedia.org/class/yago/Award106696483,http://dbpedia.org/resource/Padma_Bhushan,Padma Bhushan,2215,0,1.0,0.0,Padma Bhushan in 1971,0,156,== Awards and recognitions ==
http://dbpedia.org/class/yago/Communication100033020,http://dbpedia.org/resource/Padma_Bhushan,Padma Bhushan,2215,0,1.0,0.0,Padma Bhushan in 1971,0,156,== Awards and recognitions ==
http://dbpedia.org/class/yago/Signal106791372,http://dbpedia.org/resource/Padma_Bhushan,Padma Bhushan,2215,0,1.0,0.0,Padma Bhushan in 1971,0,156,== Awards and recognitions ==
http://dbpedia.org/class/yago/Symbol106806469,http://dbpedia.org/resource/Padma_Bhushan,Padma Bhushan,2215,0,1.0,0.0,Padma Bhushan in 1971,0,156,== Awards and recognitions ==
http://www.w3.org/2002/07/owl#Thing,http://dbpedia.org/resource/Hindustani_classical_music,gayaki,1776,42,0.9999999999167244,0.0,Dr. Ibrahim Ali's analysis of Amir Khan's gayaki,0,162,== External links ==
http://dbpedia.org/ontology/MusicGenre,http://dbpedia.org/resource/Hindustani_classical_music,gayaki,1776,42,0.9999999999167244,0.0,Dr. Ibrahim Ali's analysis of Amir Khan's gayaki,0,162,== External links ==
http://dbpedia.org/class/yago/WikicatIndianStylesOfMusic,http://dbpedia.org/resource/Hindustani_classical_music,gayaki,1776,42,0.9999999999167244,0.0,Dr. Ibrahim Ali's analysis of Amir Khan's gayaki,0,162,== External links ==
http://dbpedia.org/class/yago/Abstraction100002137,http://dbpedia.org/resource/Hindustani_classical_music,gayaki,1776,42,0.9999999999167244,0.0,Dr. Ibrahim Ali's analysis of Amir Khan's gayaki,0,162,== External links ==
http://dbpedia.org/class/yago/Attribute100024264,http://dbpedia.org/resource/Hindustani_classical_music,gayaki,1776,42,0.9999999999167244,0.0,Dr. Ibrahim Ali's analysis of Amir Khan's gayaki,0,162,== External links ==
http://dbpedia.org/class/yago/AuditoryCommunication107109019,http://dbpedia.org/resource/Hindustani_classical_music,gayaki,1776,42,0.9999999999167244,0.0,Dr. Ibrahim Ali's analysis of Amir Khan's gayaki,0,162,== External links ==
http://dbpedia.org/class/yago/ClassicalMusic107025900,http://dbpedia.org/resource/Hindustani_classical_music,gayaki,1776,42,0.9999999999167244,0.0,Dr. Ibrahim Ali's analysis of Amir Khan's gayaki,0,162,== External links ==
http://dbpedia.org/class/yago/Communication100033020,http://dbpedia.org/resource/Hindustani_classical_music,gayaki,1776,42,0.9999999999167244,0.0,Dr. Ibrahim Ali's analysis of Amir Khan's gayaki,0,162,== External links ==
http://dbpedia.org/class/yago/ExpressiveStyle107066659,http://dbpedia.org/resource/Hindustani_classical_music,gayaki,1776,42,0.9999999999167244,0.0,Dr. Ibrahim Ali's analysis of Amir Khan's gayaki,0,162,== External links ==
http://dbpedia.org/class/yago/Manner104928903,http://dbpedia.org/resource/Hindustani_classical_music,gayaki,1776,42,0.9999999999167244,0.0,Dr. Ibrahim Ali's analysis of Amir Khan's gayaki,0,162,== External links ==
http://dbpedia.org/class/yago/Music107020895,http://dbpedia.org/resource/Hindustani_classical_music,gayaki,1776,42,0.9999999999167244,0.0,Dr. Ibrahim Ali's analysis of Amir Khan's gayaki,0,162,== External links ==
http://dbpedia.org/class/yago/MusicGenre107071942,http://dbpedia.org/resource/Hindustani_classical_music,gayaki,1776,42,0.9999999999167244,0.0,Dr. Ibrahim Ali's analysis of Amir Khan's gayaki,0,162,== External links ==
http://dbpedia.org/class/yago/Property104916342,http://dbpedia.org/resource/Hindustani_classical_music,gayaki,1776,42,0.9999999999167244,0.0,Dr. Ibrahim Ali's analysis of Amir Khan's gayaki,0,162,== External links ==
http://dbpedia.org/class/yago/WikicatPakistaniStylesOfMusic,http://dbpedia.org/resource/Hindustani_classical_music,gayaki,1776,42,0.9999999999167244,0.0,Dr. Ibrahim Ali's analysis of Amir Khan's gayaki,0,162,== External links ==
http://www.w3.org/2002/07/owl#Thing,http://dbpedia.org/resource/LP_record,LP,7679,0,0.7033992026400343,0.2324272377462434,LP cover images,0,165,== External links ==
http://dbpedia.org/ontology/Software,http://dbpedia.org/resource/LP_record,LP,7679,0,0.7033992026400343,0.2324272377462434,LP cover images,0,165,== External links ==
http://dbpedia.org/ontology/RecordLabel,http://dbpedia.org/resource/LP_record,LP,7679,0,0.7033992026400343,0.2324272377462434,LP cover images,0,165,== External links ==
http://dbpedia.org/class/yago/YagoLegalActor,http://dbpedia.org/resource/LP_record,LP,7679,0,0.7033992026400343,0.2324272377462434,LP cover images,0,165,== External links ==
http://dbpedia.org/class/yago/YagoLegalActorGeo,http://dbpedia.org/resource/LP_record,LP,7679,0,0.7033992026400343,0.2324272377462434,LP cover images,0,165,== External links ==
http://dbpedia.org/class/yago/YagoPermanentlyLocatedEntity,http://dbpedia.org/resource/LP_record,LP,7679,0,0.7033992026400343,0.2324272377462434,LP cover images,0,165,== External links ==
http://dbpedia.org/class/yago/Abstraction100002137,http://dbpedia.org/resource/LP_record,LP,7679,0,0.7033992026400343,0.2324272377462434,LP cover images,0,165,== External links ==
http://dbpedia.org/class/yago/Company108058098,http://dbpedia.org/resource/LP_record,LP,7679,0,0.7033992026400343,0.2324272377462434,LP cover images,0,165,== External links ==
http://dbpedia.org/class/yago/Group100031264,http://dbpedia.org/resource/LP_record,LP,7679,0,0.7033992026400343,0.2324272377462434,LP cover images,0,165,== External links ==
http://dbpedia.org/class/yago/Institution108053576,http://dbpedia.org/resource/LP_record,LP,7679,0,0.7033992026400343,0.2324272377462434,LP cover images,0,165,== External links ==
http://dbpedia.org/class/yago/Organization108008335,http://dbpedia.org/resource/LP_record,LP,7679,0,0.7033992026400343,0.2324272377462434,LP cover images,0,165,== External links ==
http://dbpedia.org/class/yago/SocialGroup107950920,http://dbpedia.org/resource/LP_record,LP,7679,0,0.7033992026400343,0.2324272377462434,LP cover images,0,165,== External links ==
http://www.w3.org/2002/07/owl#Thing,http://dbpedia.org/resource/Hindustani_classical_music,gayaki,1776,55,0.9999999999954524,0.0,Extracts from Pandit Amarnath's lec-dem on Amir Khan's gayaki,0,167,== External links ==
http://dbpedia.org/ontology/MusicGenre,http://dbpedia.org/resource/Hindustani_classical_music,gayaki,1776,55,0.9999999999954524,0.0,Extracts from Pandit Amarnath's lec-dem on Amir Khan's gayaki,0,167,== External links ==
http://dbpedia.org/class/yago/WikicatIndianStylesOfMusic,http://dbpedia.org/resource/Hindustani_classical_music,gayaki,1776,55,0.9999999999954524,0.0,Extracts from Pandit Amarnath's lec-dem on Amir Khan's gayaki,0,167,== External links ==
http://dbpedia.org/class/yago/Abstraction100002137,http://dbpedia.org/resource/Hindustani_classical_music,gayaki,1776,55,0.9999999999954524,0.0,Extracts from Pandit Amarnath's lec-dem on Amir Khan's gayaki,0,167,== External links ==
http://dbpedia.org/class/yago/Attribute100024264,http://dbpedia.org/resource/Hindustani_classical_music,gayaki,1776,55,0.9999999999954524,0.0,Extracts from Pandit Amarnath's lec-dem on Amir Khan's gayaki,0,167,== External links ==
http://dbpedia.org/class/yago/AuditoryCommunication107109019,http://dbpedia.org/resource/Hindustani_classical_music,gayaki,1776,55,0.9999999999954524,0.0,Extracts from Pandit Amarnath's lec-dem on Amir Khan's gayaki,0,167,== External links ==
http://dbpedia.org/class/yago/ClassicalMusic107025900,http://dbpedia.org/resource/Hindustani_classical_music,gayaki,1776,55,0.9999999999954524,0.0,Extracts from Pandit Amarnath's lec-dem on Amir Khan's gayaki,0,167,== External links ==
http://dbpedia.org/class/yago/Communication100033020,http://dbpedia.org/resource/Hindustani_classical_music,gayaki,1776,55,0.9999999999954524,0.0,Extracts from Pandit Amarnath's lec-dem on Amir Khan's gayaki,0,167,== External links ==
http://dbpedia.org/class/yago/ExpressiveStyle107066659,http://dbpedia.org/resource/Hindustani_classical_music,gayaki,1776,55,0.9999999999954524,0.0,Extracts from Pandit Amarnath's lec-dem on Amir Khan's gayaki,0,167,== External links ==
http://dbpedia.org/class/yago/Manner104928903,http://dbpedia.org/resource/Hindustani_classical_music,gayaki,1776,55,0.9999999999954524,0.0,Extracts from Pandit Amarnath's lec-dem on Amir Khan's gayaki,0,167,== External links ==
http://dbpedia.org/class/yago/Music107020895,http://dbpedia.org/resource/Hindustani_classical_music,gayaki,1776,55,0.9999999999954524,0.0,Extracts from Pandit Amarnath's lec-dem on Amir Khan's gayaki,0,167,== External links ==
http://dbpedia.org/class/yago/MusicGenre107071942,http://dbpedia.org/resource/Hindustani_classical_music,gayaki,1776,55,0.9999999999954524,0.0,Extracts from Pandit Amarnath's lec-dem on Amir Khan's gayaki,0,167,== External links ==
http://dbpedia.org/class/yago/Property104916342,http://dbpedia.org/resource/Hindustani_classical_music,gayaki,1776,55,0.9999999999954524,0.0,Extracts from Pandit Amarnath's lec-dem on Amir Khan's gayaki,0,167,== External links ==
http://dbpedia.org/class/yago/WikicatPakistaniStylesOfMusic,http://dbpedia.org/resource/Hindustani_classical_music,gayaki,1776,55,0.9999999999954524,0.0,Extracts from Pandit Amarnath's lec-dem on Amir Khan's gayaki,0,167,== External links ==
http://www.w3.org/2002/07/owl#Thing,http://dbpedia.org/resource/Amarnath_Temple,Amarnath,152,0,0.9795681749912452,0.0198669584529638,"Amarnath, Pandit (2008).",0,170,== Bibliography ==
http://dbpedia.org/ontology/ArchitecturalStructure,http://dbpedia.org/resource/Amarnath_Temple,Amarnath,152,0,0.9795681749912452,0.0198669584529638,"Amarnath, Pandit (2008).",0,170,== Bibliography ==
http://www.w3.org/2003/01/geo/wgs84_pos#SpatialThing,http://dbpedia.org/resource/Amarnath_Temple,Amarnath,152,0,0.9795681749912452,0.0198669584529638,"Amarnath, Pandit (2008).",0,170,== Bibliography ==
http://dbpedia.org/class/yago/WikicatHinduCaveTemples,http://dbpedia.org/resource/Amarnath_Temple,Amarnath,152,0,0.9795681749912452,0.0198669584529638,"Amarnath, Pandit (2008).",0,170,== Bibliography ==
http://dbpedia.org/class/yago/WikicatHinduTemplesInJammuAndKashmir,http://dbpedia.org/resource/Amarnath_Temple,Amarnath,152,0,0.9795681749912452,0.0198669584529638,"Amarnath, Pandit (2008).",0,170,== Bibliography ==
http://dbpedia.org/class/yago/YagoGeoEntity,http://dbpedia.org/resource/Amarnath_Temple,Amarnath,152,0,0.9795681749912452,0.0198669584529638,"Amarnath, Pandit (2008).",0,170,== Bibliography ==
http://dbpedia.org/class/yago/YagoPermanentlyLocatedEntity,http://dbpedia.org/resource/Amarnath_Temple,Amarnath,152,0,0.9795681749912452,0.0198669584529638,"Amarnath, Pandit (2008).",0,170,== Bibliography ==
http://dbpedia.org/class/yago/WikicatShivaTemples,http://dbpedia.org/resource/Amarnath_Temple,Amarnath,152,0,0.9795681749912452,0.0198669584529638,"Amarnath, Pandit (2008).",0,170,== Bibliography ==
http://dbpedia.org/class/yago/Artifact100021939,http://dbpedia.org/resource/Amarnath_Temple,Amarnath,152,0,0.9795681749912452,0.0198669584529638,"Amarnath, Pandit (2008).",0,170,== Bibliography ==
http://dbpedia.org/class/yago/Building102913152,http://dbpedia.org/resource/Amarnath_Temple,Amarnath,152,0,0.9795681749912452,0.0198669584529638,"Amarnath, Pandit (2008).",0,170,== Bibliography ==
http://dbpedia.org/class/yago/Object100002684,http://dbpedia.org/resource/Amarnath_Temple,Amarnath,152,0,0.9795681749912452,0.0198669584529638,"Amarnath, Pandit (2008).",0,170,== Bibliography ==
http://dbpedia.org/class/yago/PhysicalEntity100001930,http://dbpedia.org/resource/Amarnath_Temple,Amarnath,152,0,0.9795681749912452,0.0198669584529638,"Amarnath, Pandit (2008).",0,170,== Bibliography ==
http://dbpedia.org/class/yago/PlaceOfWorship103953416,http://dbpedia.org/resource/Amarnath_Temple,Amarnath,152,0,0.9795681749912452,0.0198669584529638,"Amarnath, Pandit (2008).",0,170,== Bibliography ==
http://dbpedia.org/class/yago/Structure104341686,http://dbpedia.org/resource/Amarnath_Temple,Amarnath,152,0,0.9795681749912452,0.0198669584529638,"Amarnath, Pandit (2008).",0,170,== Bibliography ==
http://dbpedia.org/class/yago/Temple104407435,http://dbpedia.org/resource/Amarnath_Temple,Amarnath,152,0,0.9795681749912452,0.0198669584529638,"Amarnath, Pandit (2008).",0,170,== Bibliography ==
http://dbpedia.org/class/yago/Whole100003553,http://dbpedia.org/resource/Amarnath_Temple,Amarnath,152,0,0.9795681749912452,0.0198669584529638,"Amarnath, Pandit (2008).",0,170,== Bibliography ==
http://www.w3.org/2002/07/owl#Thing,http://dbpedia.org/resource/International_Standard_Book_Number,ISBN,2511,0,0.9999999998823624,0.0,ISBN 978-81-7525-934-8.,3,170,== Bibliography ==
http://dbpedia.org/class/yago/WikicatAbbreviations,http://dbpedia.org/resource/International_Standard_Book_Number,ISBN,2511,0,0.9999999998823624,0.0,ISBN 978-81-7525-934-8.,3,170,== Bibliography ==
http://dbpedia.org/ontology/Galaxy,http://dbpedia.org/resource/International_Standard_Book_Number,ISBN,2511,0,0.9999999998823624,0.0,ISBN 978-81-7525-934-8.,3,170,== Bibliography ==
http://dbpedia.org/class/yago/WikicatISOStandards,http://dbpedia.org/resource/International_Standard_Book_Number,ISBN,2511,0,0.9999999998823624,0.0,ISBN 978-81-7525-934-8.,3,170,== Bibliography ==
http://dbpedia.org/class/yago/WikicatIdentifiers,http://dbpedia.org/resource/International_Standard_Book_Number,ISBN,2511,0,0.9999999998823624,0.0,ISBN 978-81-7525-934-8.,3,170,== Bibliography ==
http://dbpedia.org/class/yago/WikicatInternationalStandards,http://dbpedia.org/resource/International_Standard_Book_Number,ISBN,2511,0,0.9999999998823624,0.0,ISBN 978-81-7525-934-8.,3,170,== Bibliography ==
http://dbpedia.org/class/yago/WikicatChecksumAlgorithms,http://dbpedia.org/resource/International_Standard_Book_Number,ISBN,2511,0,0.9999999998823624,0.0,ISBN 978-81-7525-934-8.,3,170,== Bibliography ==
http://dbpedia.org/class/yago/WikicatClassificationSystems,http://dbpedia.org/resource/International_Standard_Book_Number,ISBN,2511,0,0.9999999998823624,0.0,ISBN 978-81-7525-934-8.,3,170,== Bibliography ==
http://dbpedia.org/class/yago/WikicatDocuments,http://dbpedia.org/resource/International_Standard_Book_Number,ISBN,2511,0,0.9999999998823624,0.0,ISBN 978-81-7525-934-8.,3,170,== Bibliography ==
http://dbpedia.org/class/yago/WikicatUniversalIdentifiers,http://dbpedia.org/resource/International_Standard_Book_Number,ISBN,2511,0,0.9999999998823624,0.0,ISBN 978-81-7525-934-8.,3,170,== Bibliography ==
http://dbpedia.org/class/yago/Word106286395,http://dbpedia.org/resource/International_Standard_Book_Number,ISBN,2511,0,0.9999999998823624,0.0,ISBN 978-81-7525-934-8.,3,170,== Bibliography ==
http://dbpedia.org/class/yago/Writing106362953,http://dbpedia.org/resource/International_Standard_Book_Number,ISBN,2511,0,0.9999999998823624,0.0,ISBN 978-81-7525-934-8.,3,170,== Bibliography ==
http://dbpedia.org/class/yago/WrittenCommunication106349220,http://dbpedia.org/resource/International_Standard_Book_Number,ISBN,2511,0,0.9999999998823624,0.0,ISBN 978-81-7525-934-8.,3,170,== Bibliography ==
http://dbpedia.org/class/yago/YagoPermanentlyLocatedEntity,http://dbpedia.org/resource/International_Standard_Book_Number,ISBN,2511,0,0.9999999998823624,0.0,ISBN 978-81-7525-934-8.,3,170,== Bibliography ==
http://dbpedia.org/class/yago/Abbreviation107091587,http://dbpedia.org/resource/International_Standard_Book_Number,ISBN,2511,0,0.9999999998823624,0.0,ISBN 978-81-7525-934-8.,3,170,== Bibliography ==
http://dbpedia.org/class/yago/Abstraction100002137,http://dbpedia.org/resource/International_Standard_Book_Number,ISBN,2511,0,0.9999999998823624,0.0,ISBN 978-81-7525-934-8.,3,170,== Bibliography ==
http://dbpedia.org/class/yago/Act100030358,http://dbpedia.org/resource/International_Standard_Book_Number,ISBN,2511,0,0.9999999998823624,0.0,ISBN 978-81-7525-934-8.,3,170,== Bibliography ==
http://dbpedia.org/class/yago/Activity100407535,http://dbpedia.org/resource/International_Standard_Book_Number,ISBN,2511,0,0.9999999998823624,0.0,ISBN 978-81-7525-934-8.,3,170,== Bibliography ==
http://dbpedia.org/class/yago/Algorithm105847438,http://dbpedia.org/resource/International_Standard_Book_Number,ISBN,2511,0,0.9999999998823624,0.0,ISBN 978-81-7525-934-8.,3,170,== Bibliography ==
http://dbpedia.org/class/yago/Arrangement105726596,http://dbpedia.org/resource/International_Standard_Book_Number,ISBN,2511,0,0.9999999998823624,0.0,ISBN 978-81-7525-934-8.,3,170,== Bibliography ==
http://dbpedia.org/class/yago/ClassificationSystem105727220,http://dbpedia.org/resource/International_Standard_Book_Number,ISBN,2511,0,0.9999999998823624,0.0,ISBN 978-81-7525-934-8.,3,170,== Bibliography ==
http://dbpedia.org/class/yago/Cognition100023271,http://dbpedia.org/resource/International_Standard_Book_Number,ISBN,2511,0,0.9999999998823624,0.0,ISBN 978-81-7525-934-8.,3,170,== Bibliography ==
http://dbpedia.org/class/yago/Communication100033020,http://dbpedia.org/resource/International_Standard_Book_Number,ISBN,2511,0,0.9999999998823624,0.0,ISBN 978-81-7525-934-8.,3,170,== Bibliography ==
http://dbpedia.org/class/yago/Document106470073,http://dbpedia.org/resource/International_Standard_Book_Number,ISBN,2511,0,0.9999999998823624,0.0,ISBN 978-81-7525-934-8.,3,170,== Bibliography ==
http://dbpedia.org/class/yago/Event100029378,http://dbpedia.org/resource/International_Standard_Book_Number,ISBN,2511,0,0.9999999998823624,0.0,ISBN 978-81-7525-934-8.,3,170,== Bibliography ==
http://dbpedia.org/class/yago/Form106290637,http://dbpedia.org/resource/International_Standard_Book_Number,ISBN,2511,0,0.9999999998823624,0.0,ISBN 978-81-7525-934-8.,3,170,== Bibliography ==
http://dbpedia.org/class/yago/Identifier107270601,http://dbpedia.org/resource/International_Standard_Book_Number,ISBN,2511,0,0.9999999998823624,0.0,ISBN 978-81-7525-934-8.,3,170,== Bibliography ==
http://dbpedia.org/class/yago/LanguageUnit106284225,http://dbpedia.org/resource/International_Standard_Book_Number,ISBN,2511,0,0.9999999998823624,0.0,ISBN 978-81-7525-934-8.,3,170,== Bibliography ==
http://dbpedia.org/class/yago/Measure100033615,http://dbpedia.org/resource/International_Standard_Book_Number,ISBN,2511,0,0.9999999998823624,0.0,ISBN 978-81-7525-934-8.,3,170,== Bibliography ==
http://dbpedia.org/class/yago/Part113809207,http://dbpedia.org/resource/International_Standard_Book_Number,ISBN,2511,0,0.9999999998823624,0.0,ISBN 978-81-7525-934-8.,3,170,== Bibliography ==
http://dbpedia.org/class/yago/Procedure101023820,http://dbpedia.org/resource/International_Standard_Book_Number,ISBN,2511,0,0.9999999998823624,0.0,ISBN 978-81-7525-934-8.,3,170,== Bibliography ==
http://dbpedia.org/class/yago/PsychologicalFeature100023100,http://dbpedia.org/resource/International_Standard_Book_Number,ISBN,2511,0,0.9999999998823624,0.0,ISBN 978-81-7525-934-8.,3,170,== Bibliography ==
http://dbpedia.org/class/yago/Relation100031921,http://dbpedia.org/resource/International_Standard_Book_Number,ISBN,2511,0,0.9999999998823624,0.0,ISBN 978-81-7525-934-8.,3,170,== Bibliography ==
http://dbpedia.org/class/yago/Rule105846932,http://dbpedia.org/resource/International_Standard_Book_Number,ISBN,2511,0,0.9999999998823624,0.0,ISBN 978-81-7525-934-8.,3,170,== Bibliography ==
http://dbpedia.org/class/yago/Signal106791372,http://dbpedia.org/resource/International_Standard_Book_Number,ISBN,2511,0,0.9999999998823624,0.0,ISBN 978-81-7525-934-8.,3,170,== Bibliography ==
http://dbpedia.org/class/yago/Standard107260623,http://dbpedia.org/resource/International_Standard_Book_Number,ISBN,2511,0,0.9999999998823624,0.0,ISBN 978-81-7525-934-8.,3,170,== Bibliography ==
http://dbpedia.org/class/yago/Structure105726345,http://dbpedia.org/resource/International_Standard_Book_Number,ISBN,2511,0,0.9999999998823624,0.0,ISBN 978-81-7525-934-8.,3,170,== Bibliography ==
http://dbpedia.org/class/yago/Symbol106806469,http://dbpedia.org/resource/International_Standard_Book_Number,ISBN,2511,0,0.9999999998823624,0.0,ISBN 978-81-7525-934-8.,3,170,== Bibliography ==
http://dbpedia.org/class/yago/SystemOfMeasurement113577171,http://dbpedia.org/resource/International_Standard_Book_Number,ISBN,2511,0,0.9999999998823624,0.0,ISBN 978-81-7525-934-8.,3,170,== Bibliography ==
http://www.w3.org/2002/07/owl#Thing,http://dbpedia.org/resource/Hindustani_classical_music,Hindustani,1776,18,0.603909820419159,0.6523983066920838,The Lost World of Hindustani Music.,1,171,== Bibliography ==
http://dbpedia.org/ontology/MusicGenre,http://dbpedia.org/resource/Hindustani_classical_music,Hindustani,1776,18,0.603909820419159,0.6523983066920838,The Lost World of Hindustani Music.,1,171,== Bibliography ==
http://dbpedia.org/class/yago/WikicatIndianStylesOfMusic,http://dbpedia.org/resource/Hindustani_classical_music,Hindustani,1776,18,0.603909820419159,0.6523983066920838,The Lost World of Hindustani Music.,1,171,== Bibliography ==
http://dbpedia.org/class/yago/Abstraction100002137,http://dbpedia.org/resource/Hindustani_classical_music,Hindustani,1776,18,0.603909820419159,0.6523983066920838,The Lost World of Hindustani Music.,1,171,== Bibliography ==
http://dbpedia.org/class/yago/Attribute100024264,http://dbpedia.org/resource/Hindustani_classical_music,Hindustani,1776,18,0.603909820419159,0.6523983066920838,The Lost World of Hindustani Music.,1,171,== Bibliography ==
http://dbpedia.org/class/yago/AuditoryCommunication107109019,http://dbpedia.org/resource/Hindustani_classical_music,Hindustani,1776,18,0.603909820419159,0.6523983066920838,The Lost World of Hindustani Music.,1,171,== Bibliography ==
http://dbpedia.org/class/yago/ClassicalMusic107025900,http://dbpedia.org/resource/Hindustani_classical_music,Hindustani,1776,18,0.603909820419159,0.6523983066920838,The Lost World of Hindustani Music.,1,171,== Bibliography ==
http://dbpedia.org/class/yago/Communication100033020,http://dbpedia.org/resource/Hindustani_classical_music,Hindustani,1776,18,0.603909820419159,0.6523983066920838,The Lost World of Hindustani Music.,1,171,== Bibliography ==
http://dbpedia.org/class/yago/ExpressiveStyle107066659,http://dbpedia.org/resource/Hindustani_classical_music,Hindustani,1776,18,0.603909820419159,0.6523983066920838,The Lost World of Hindustani Music.,1,171,== Bibliography ==
http://dbpedia.org/class/yago/Manner104928903,http://dbpedia.org/resource/Hindustani_classical_music,Hindustani,1776,18,0.603909820419159,0.6523983066920838,The Lost World of Hindustani Music.,1,171,== Bibliography ==
http://dbpedia.org/class/yago/Music107020895,http://dbpedia.org/resource/Hindustani_classical_music,Hindustani,1776,18,0.603909820419159,0.6523983066920838,The Lost World of Hindustani Music.,1,171,== Bibliography ==
http://dbpedia.org/class/yago/MusicGenre107071942,http://dbpedia.org/resource/Hindustani_classical_music,Hindustani,1776,18,0.603909820419159,0.6523983066920838,The Lost World of Hindustani Music.,1,171,== Bibliography ==
http://dbpedia.org/class/yago/Property104916342,http://dbpedia.org/resource/Hindustani_classical_music,Hindustani,1776,18,0.603909820419159,0.6523983066920838,The Lost World of Hindustani Music.,1,171,== Bibliography ==
http://dbpedia.org/class/yago/WikicatPakistaniStylesOfMusic,http://dbpedia.org/resource/Hindustani_classical_music,Hindustani,1776,18,0.603909820419159,0.6523983066920838,The Lost World of Hindustani Music.,1,171,== Bibliography ==
http://www.w3.org/2002/07/owl#Thing,http://dbpedia.org/resource/International_Standard_Book_Number,ISBN,2511,7,1.0,0.0,95–. ISBN 978-0-14-306199-1.,4,171,== Bibliography ==
http://dbpedia.org/class/yago/WikicatAbbreviations,http://dbpedia.org/resource/International_Standard_Book_Number,ISBN,2511,7,1.0,0.0,95–. ISBN 978-0-14-306199-1.,4,171,== Bibliography ==
http://dbpedia.org/ontology/Galaxy,http://dbpedia.org/resource/International_Standard_Book_Number,ISBN,2511,7,1.0,0.0,95–. ISBN 978-0-14-306199-1.,4,171,== Bibliography ==
http://dbpedia.org/class/yago/WikicatISOStandards,http://dbpedia.org/resource/International_Standard_Book_Number,ISBN,2511,7,1.0,0.0,95–. ISBN 978-0-14-306199-1.,4,171,== Bibliography ==
http://dbpedia.org/class/yago/WikicatIdentifiers,http://dbpedia.org/resource/International_Standard_Book_Number,ISBN,2511,7,1.0,0.0,95–. ISBN 978-0-14-306199-1.,4,171,== Bibliography ==
http://dbpedia.org/class/yago/WikicatInternationalStandards,http://dbpedia.org/resource/International_Standard_Book_Number,ISBN,2511,7,1.0,0.0,95–. ISBN 978-0-14-306199-1.,4,171,== Bibliography ==
http://dbpedia.org/class/yago/WikicatChecksumAlgorithms,http://dbpedia.org/resource/International_Standard_Book_Number,ISBN,2511,7,1.0,0.0,95–. ISBN 978-0-14-306199-1.,4,171,== Bibliography ==
http://dbpedia.org/class/yago/WikicatClassificationSystems,http://dbpedia.org/resource/International_Standard_Book_Number,ISBN,2511,7,1.0,0.0,95–. ISBN 978-0-14-306199-1.,4,171,== Bibliography ==
http://dbpedia.org/class/yago/WikicatDocuments,http://dbpedia.org/resource/International_Standard_Book_Number,ISBN,2511,7,1.0,0.0,95–. ISBN 978-0-14-306199-1.,4,171,== Bibliography ==
http://dbpedia.org/class/yago/WikicatUniversalIdentifiers,http://dbpedia.org/resource/International_Standard_Book_Number,ISBN,2511,7,1.0,0.0,95–. ISBN 978-0-14-306199-1.,4,171,== Bibliography ==
http://dbpedia.org/class/yago/Word106286395,http://dbpedia.org/resource/International_Standard_Book_Number,ISBN,2511,7,1.0,0.0,95–. ISBN 978-0-14-306199-1.,4,171,== Bibliography ==
http://dbpedia.org/class/yago/Writing106362953,http://dbpedia.org/resource/International_Standard_Book_Number,ISBN,2511,7,1.0,0.0,95–. ISBN 978-0-14-306199-1.,4,171,== Bibliography ==
http://dbpedia.org/class/yago/WrittenCommunication106349220,http://dbpedia.org/resource/International_Standard_Book_Number,ISBN,2511,7,1.0,0.0,95–. ISBN 978-0-14-306199-1.,4,171,== Bibliography ==
http://dbpedia.org/class/yago/YagoPermanentlyLocatedEntity,http://dbpedia.org/resource/International_Standard_Book_Number,ISBN,2511,7,1.0,0.0,95–. ISBN 978-0-14-306199-1.,4,171,== Bibliography ==
http://dbpedia.org/class/yago/Abbreviation107091587,http://dbpedia.org/resource/International_Standard_Book_Number,ISBN,2511,7,1.0,0.0,95–. ISBN 978-0-14-306199-1.,4,171,== Bibliography ==
http://dbpedia.org/class/yago/Abstraction100002137,http://dbpedia.org/resource/International_Standard_Book_Number,ISBN,2511,7,1.0,0.0,95–. ISBN 978-0-14-306199-1.,4,171,== Bibliography ==
http://dbpedia.org/class/yago/Act100030358,http://dbpedia.org/resource/International_Standard_Book_Number,ISBN,2511,7,1.0,0.0,95–. ISBN 978-0-14-306199-1.,4,171,== Bibliography ==
http://dbpedia.org/class/yago/Activity100407535,http://dbpedia.org/resource/International_Standard_Book_Number,ISBN,2511,7,1.0,0.0,95–. ISBN 978-0-14-306199-1.,4,171,== Bibliography ==
http://dbpedia.org/class/yago/Algorithm105847438,http://dbpedia.org/resource/International_Standard_Book_Number,ISBN,2511,7,1.0,0.0,95–. ISBN 978-0-14-306199-1.,4,171,== Bibliography ==
http://dbpedia.org/class/yago/Arrangement105726596,http://dbpedia.org/resource/International_Standard_Book_Number,ISBN,2511,7,1.0,0.0,95–. ISBN 978-0-14-306199-1.,4,171,== Bibliography ==
http://dbpedia.org/class/yago/ClassificationSystem105727220,http://dbpedia.org/resource/International_Standard_Book_Number,ISBN,2511,7,1.0,0.0,95–. ISBN 978-0-14-306199-1.,4,171,== Bibliography ==
http://dbpedia.org/class/yago/Cognition100023271,http://dbpedia.org/resource/International_Standard_Book_Number,ISBN,2511,7,1.0,0.0,95–. ISBN 978-0-14-306199-1.,4,171,== Bibliography ==
http://dbpedia.org/class/yago/Communication100033020,http://dbpedia.org/resource/International_Standard_Book_Number,ISBN,2511,7,1.0,0.0,95–. ISBN 978-0-14-306199-1.,4,171,== Bibliography ==
http://dbpedia.org/class/yago/Document106470073,http://dbpedia.org/resource/International_Standard_Book_Number,ISBN,2511,7,1.0,0.0,95–. ISBN 978-0-14-306199-1.,4,171,== Bibliography ==
http://dbpedia.org/class/yago/Event100029378,http://dbpedia.org/resource/International_Standard_Book_Number,ISBN,2511,7,1.0,0.0,95–. ISBN 978-0-14-306199-1.,4,171,== Bibliography ==
http://dbpedia.org/class/yago/Form106290637,http://dbpedia.org/resource/International_Standard_Book_Number,ISBN,2511,7,1.0,0.0,95–. ISBN 978-0-14-306199-1.,4,171,== Bibliography ==
http://dbpedia.org/class/yago/Identifier107270601,http://dbpedia.org/resource/International_Standard_Book_Number,ISBN,2511,7,1.0,0.0,95–. ISBN 978-0-14-306199-1.,4,171,== Bibliography ==
http://dbpedia.org/class/yago/LanguageUnit106284225,http://dbpedia.org/resource/International_Standard_Book_Number,ISBN,2511,7,1.0,0.0,95–. ISBN 978-0-14-306199-1.,4,171,== Bibliography ==
http://dbpedia.org/class/yago/Measure100033615,http://dbpedia.org/resource/International_Standard_Book_Number,ISBN,2511,7,1.0,0.0,95–. ISBN 978-0-14-306199-1.,4,171,== Bibliography ==
http://dbpedia.org/class/yago/Part113809207,http://dbpedia.org/resource/International_Standard_Book_Number,ISBN,2511,7,1.0,0.0,95–. ISBN 978-0-14-306199-1.,4,171,== Bibliography ==
http://dbpedia.org/class/yago/Procedure101023820,http://dbpedia.org/resource/International_Standard_Book_Number,ISBN,2511,7,1.0,0.0,95–. ISBN 978-0-14-306199-1.,4,171,== Bibliography ==
http://dbpedia.org/class/yago/PsychologicalFeature100023100,http://dbpedia.org/resource/International_Standard_Book_Number,ISBN,2511,7,1.0,0.0,95–. ISBN 978-0-14-306199-1.,4,171,== Bibliography ==
http://dbpedia.org/class/yago/Relation100031921,http://dbpedia.org/resource/International_Standard_Book_Number,ISBN,2511,7,1.0,0.0,95–. ISBN 978-0-14-306199-1.,4,171,== Bibliography ==
http://dbpedia.org/class/yago/Rule105846932,http://dbpedia.org/resource/International_Standard_Book_Number,ISBN,2511,7,1.0,0.0,95–. ISBN 978-0-14-306199-1.,4,171,== Bibliography ==
http://dbpedia.org/class/yago/Signal106791372,http://dbpedia.org/resource/International_Standard_Book_Number,ISBN,2511,7,1.0,0.0,95–. ISBN 978-0-14-306199-1.,4,171,== Bibliography ==
http://dbpedia.org/class/yago/Standard107260623,http://dbpedia.org/resource/International_Standard_Book_Number,ISBN,2511,7,1.0,0.0,95–. ISBN 978-0-14-306199-1.,4,171,== Bibliography ==
http://dbpedia.org/class/yago/Structure105726345,http://dbpedia.org/resource/International_Standard_Book_Number,ISBN,2511,7,1.0,0.0,95–. ISBN 978-0-14-306199-1.,4,171,== Bibliography ==
http://dbpedia.org/class/yago/Symbol106806469,http://dbpedia.org/resource/International_Standard_Book_Number,ISBN,2511,7,1.0,0.0,95–. ISBN 978-0-14-306199-1.,4,171,== Bibliography ==
http://dbpedia.org/class/yago/SystemOfMeasurement113577171,http://dbpedia.org/resource/International_Standard_Book_Number,ISBN,2511,7,1.0,0.0,95–. ISBN 978-0-14-306199-1.,4,171,== Bibliography ==
